88, 1
88, 2
88, 3
88, 4
88, 5
88, 6
88, 7
88, 8
88, 9
88, 10
88, 11
88, 12
88, 13
88, 14
88, 15
88, 16
88, 17
88, 18
88, 19
88, 20
88, 21
88, 22
88, 23
88, 24
88, 25
88, 26
88, 27
88, 28
88, 29
88, 30
88, 31
88, 32
88, 33
88, 34
88, 35
88, 36
88, 37
88, 38
88, 39
88, 40
88, 41
88, 42
88, 43
88, 44
88, 45
88, 46
88, 47
88, 48
88, 49
88, 50
88, 51
88, 52
88, 53
88, 54
88, 55
88, 56
88, 57
88, 58
88, 59
88, 60
88, 61
88, 62
88, 63
88, 64
88, 65
88, 66
88, 67
88, 68
88, 69
88, 70
88, 71
88, 72
88, 73
88, 74
88, 75
88, 76
88, 77
88, 78
88, 79
88, 80
88, 81
88, 82
88, 83
88, 84
88, 85
88, 86
88, 87
88, 88
88, 89
88, 90
88, 91
88, 92
88, 93
88, 94
88, 95
88, 96
88, 97
88, 98
88, 99
88, 100
88, 101
88, 102
88, 103
88, 104
88, 105
88, 106
88, 107
88, 108
88, 109
88, 110
88, 111
88, 112
88, 113
88, 114
88, 115
88, 116
88, 117
88, 118
88, 119
88, 120
88, 121
88, 122
88, 123
88, 124
88, 125
88, 126
88, 127
88, 128
88, 129
88, 130
88, 131
88, 132
88, 133
88, 134
88, 135
88, 136
88, 137
88, 138
88, 139
88, 140
88, 141
88, 142
88, 143
88, 144
88, 145
88, 146
88, 147
88, 148
88, 149
88, 150
88, 151
88, 152
88, 153
88, 154
88, 155
88, 156
88, 157
88, 158
88, 159
88, 160
88, 161
88, 162
88, 163
88, 164
88, 165
88, 166
88, 167
88, 168
88, 169
88, 170
88, 171
88, 172
88, 173
88, 174
88, 175
88, 176
88, 177
88, 178
88, 179
88, 180
88, 181
88, 182
88, 183
88, 184
88, 185
88, 186
88, 187
88, 188
88, 189
88, 190
88, 191
88, 192
88, 193
88, 194
88, 195
88, 196
88, 197
88, 198
88, 199
88, 200
88, 201
88, 202
88, 203
88, 204
88, 205
88, 206
88, 207
88, 208
88, 209
88, 210
88, 211
88, 212
88, 213
88, 214
88, 215
88, 216
88, 217
88, 218
88, 219
88, 220
88, 221
88, 222
88, 223
88, 224
88, 225
88, 226
88, 227
88, 228
88, 229
88, 230
88, 231
88, 232
88, 233
88, 234
88, 235
88, 236
88, 237
88, 238
88, 239
88, 240
88, 241
88, 242
88, 243
88, 244
88, 245
88, 246
88, 247
88, 248
88, 249
88, 250
88, 251
88, 252
88, 253
88, 254
88, 255
88, 256
88, 257
88, 258
88, 259
88, 260
88, 261
88, 262
88, 263
88, 264
88, 265
88, 266
88, 267
88, 268
88, 269
88, 270
88, 271
88, 272
88, 273
88, 274
88, 275
88, 276
88, 277
88, 278
88, 279
88, 280
88, 281
88, 282
88, 283
88, 284
88, 285
88, 286
88, 287
88, 288
88, 289
88, 290
88, 291
88, 292
88, 293
88, 294
88, 295
88, 296
88, 297
88, 298
88, 299
88, 300
88, 301
88, 302
88, 303
88, 304
88, 305
88, 306
88, 307
88, 308
88, 309
88, 310
88, 311
88, 312
88, 313
88, 314
88, 315
88, 316
88, 317
88, 318
88, 319
88, 320
88, 321
88, 322
88, 323
88, 324
88, 325
88, 326
88, 327
88, 328
88, 329
88, 330
88, 331
88, 332
88, 333
88, 334
88, 335
88, 336
88, 337
88, 338
88, 339
88, 340
88, 341
88, 342
88, 343
88, 344
88, 345
88, 346
88, 347
88, 348
88, 349
88, 350
88, 351
88, 352
88, 353
88, 354
88, 355
88, 356
88, 357
88, 358
88, 359
88, 360
88, 361
88, 362
88, 363
88, 364
88, 365
88, 366
88, 367
88, 368
88, 369
88, 370
88, 371
88, 372
88, 373
88, 374
88, 375
88, 376
88, 377
88, 378
88, 379
88, 380
88, 381
88, 382
88, 383
88, 384
88, 385
88, 386
88, 387
88, 388
88, 389
88, 390
88, 391
88, 392
88, 393
88, 394
88, 395
88, 396
88, 397
88, 398
88, 399
88, 400
88, 401
88, 402
88, 403
88, 404
88, 405
88, 406
88, 407
88, 408
88, 409
88, 410
88, 411
88, 412
88, 413
88, 414
88, 415
88, 416
88, 417
88, 418
88, 419
88, 420
88, 421
88, 422
88, 423
88, 424
88, 425
88, 426
88, 427
88, 428
88, 429
88, 430
88, 431
88, 432
88, 433
88, 434
88, 435
88, 436
88, 437
88, 438
88, 439
88, 440
88, 441
88, 442
88, 443
88, 444
88, 445
88, 446
88, 447
88, 448
88, 449
88, 450
88, 451
88, 452
88, 453
88, 454
88, 455
88, 456
88, 457
88, 458
88, 459
88, 460
88, 461
88, 462
88, 463
88, 464
88, 465
88, 466
88, 467
88, 468
88, 469
88, 470
88, 471
88, 472
88, 473
88, 474
88, 475
88, 476
88, 477
88, 478
88, 479
88, 480
88, 481
88, 482
88, 483
88, 484
88, 485
88, 486
88, 487
88, 488
88, 489
88, 490
88, 491
88, 492
88, 493
88, 494
88, 495
88, 496
88, 497
88, 498
88, 499
88, 500
88, 501
88, 502
88, 503
88, 504
88, 505
88, 506
88, 507
88, 508
88, 509
88, 510
88, 511
88, 512
88, 513
88, 514
88, 515
88, 516
88, 517
88, 518
88, 519
88, 520
88, 521
88, 522
88, 523
88, 524
88, 525
88, 526
88, 527
88, 528
88, 529
88, 530
88, 531
88, 532
88, 533
88, 534
88, 535
88, 536
88, 537
88, 538
88, 539
88, 540
88, 541
88, 542
88, 543
88, 544
88, 545
88, 546
88, 547
88, 548
88, 549
88, 550
88, 551
88, 552
88, 553
88, 554
88, 555
88, 556
88, 557
88, 558
88, 559
88, 560
88, 561
88, 562
88, 563
88, 564
88, 565
88, 566
88, 567
88, 568
88, 569
88, 570
88, 571
88, 572
88, 573
88, 574
88, 575
88, 576
88, 577
88, 578
88, 579
88, 580
88, 581
88, 582
88, 583
88, 584
88, 585
88, 586
88, 587
88, 588
88, 589
88, 590
88, 591
88, 592
88, 593
88, 594
88, 595
88, 596
88, 597
88, 598
88, 599
88, 600
88, 601
88, 602
88, 603
88, 604
88, 605
88, 606
88, 607
88, 608
88, 609
88, 610
88, 611
88, 612
88, 613
88, 614
88, 615
88, 616
88, 617
88, 618
88, 619
88, 620
88, 621
88, 622
88, 623
88, 624
88, 625
88, 626
88, 627
88, 628
88, 629
88, 630
88, 631
88, 632
88, 633
88, 634
88, 635
88, 636
88, 637
88, 638
88, 639
88, 640
88, 641
88, 642
88, 643
88, 644
88, 645
88, 646
88, 647
88, 648
88, 649
88, 650
88, 651
88, 652
88, 653
88, 654
88, 655
88, 656
88, 657
88, 658
88, 659
88, 660
88, 661
88, 662
88, 663
88, 664
88, 665
88, 666
88, 667
88, 668
88, 669
88, 670
88, 671
88, 672
88, 673
88, 674
88, 675
88, 676
88, 677
88, 678
88, 679
88, 680
88, 681
88, 682
88, 683
88, 684
88, 685
88, 686
88, 687
88, 688
88, 689
88, 690
88, 691
88, 692
88, 693
88, 694
88, 695
88, 696
88, 697
88, 698
88, 699
88, 700
88, 701
88, 702
88, 703
88, 704
88, 705
88, 706
88, 707
88, 708
88, 709
88, 710
88, 711
88, 712
88, 713
88, 714
88, 715
88, 716
88, 717
88, 718
88, 719
88, 720
88, 721
88, 722
88, 723
88, 724
88, 725
88, 726
88, 727
88, 728
88, 729
88, 730
88, 731
88, 732
88, 733
88, 734
88, 735
88, 736
88, 737
88, 738
88, 739
88, 740
88, 741
88, 742
88, 743
88, 744
88, 745
88, 746
88, 747
88, 748
88, 749
88, 750
88, 751
88, 752
88, 753
88, 754
88, 755
88, 756
88, 757
88, 758
88, 759
88, 760
88, 761
88, 762
88, 763
88, 764
88, 765
88, 766
88, 767
88, 768
88, 769
88, 770
88, 771
88, 772
88, 773
88, 774
88, 775
88, 776
88, 777
88, 778
88, 779
88, 780
88, 781
88, 782
88, 783
88, 784
88, 785
88, 786
88, 787
88, 788
88, 789
88, 790
88, 791
88, 792
88, 793
88, 794
88, 795
88, 796
88, 797
88, 798
88, 799
88, 800
88, 801
88, 802
88, 803
88, 804
88, 805
88, 806
88, 807
88, 808
88, 809
88, 810
88, 811
88, 812
88, 813
88, 814
88, 815
88, 816
88, 817
88, 818
88, 819
88, 820
88, 821
88, 822
88, 823
88, 824
88, 825
88, 826
88, 827
88, 828
88, 829
88, 830
88, 831
88, 832
88, 833
88, 834
88, 835
88, 836
89, 1
89, 2
89, 3
89, 4
89, 5
89, 6
89, 7
89, 8
89, 9
89, 10
89, 11
89, 12
89, 13
89, 14
89, 15
89, 16
89, 17
89, 18
89, 19
89, 20
89, 21
89, 22
89, 23
89, 24
89, 25
89, 26
89, 27
89, 28
89, 29
89, 30
89, 31
89, 32
89, 33
89, 34
89, 35
89, 36
89, 37
89, 38
89, 39
89, 40
89, 41
89, 42
89, 43
89, 44
89, 45
89, 46
89, 47
89, 48
89, 49
89, 50
89, 51
89, 52
89, 53
89, 54
89, 55
89, 56
89, 57
89, 58
89, 59
89, 60
89, 61
89, 62
89, 63
89, 64
89, 65
89, 66
89, 67
89, 68
89, 69
89, 70
89, 71
89, 72
89, 73
89, 74
89, 75
89, 76
89, 77
89, 78
89, 79
89, 80
89, 81
89, 82
89, 83
89, 84
89, 85
89, 86
89, 87
89, 88
89, 89
89, 90
89, 91
89, 92
89, 93
89, 94
89, 95
89, 96
89, 97
89, 98
89, 99
89, 100
89, 101
89, 102
89, 103
89, 104
89, 105
89, 106
89, 107
89, 108
89, 109
89, 110
89, 111
89, 112
89, 113
89, 114
89, 115
89, 116
89, 117
89, 118
89, 119
89, 120
89, 121
89, 122
89, 123
89, 124
89, 125
89, 126
89, 127
89, 128
89, 129
89, 130
89, 131
89, 132
89, 133
89, 134
89, 135
89, 136
89, 137
89, 138
89, 139
89, 140
89, 141
89, 142
89, 143
89, 144
89, 145
89, 146
89, 147
89, 148
89, 149
89, 150
89, 151
89, 152
89, 153
89, 154
89, 155
89, 156
89, 157
89, 158
89, 159
89, 160
89, 161
89, 162
89, 163
89, 164
89, 165
89, 166
89, 167
89, 168
89, 169
89, 170
89, 171
89, 172
89, 173
89, 174
89, 175
89, 176
89, 177
89, 178
89, 179
89, 180
89, 181
89, 182
89, 183
89, 184
89, 185
89, 186
89, 187
89, 188
89, 189
89, 190
89, 191
89, 192
89, 193
89, 194
89, 195
89, 196
89, 197
89, 198
89, 199
89, 200
89, 201
89, 202
89, 203
89, 204
89, 205
89, 206
89, 207
89, 208
89, 209
89, 210
89, 211
89, 212
89, 213
89, 214
89, 215
89, 216
89, 217
89, 218
89, 219
89, 220
89, 221
89, 222
89, 223
89, 224
89, 225
89, 226
89, 227
89, 228
89, 229
89, 230
89, 231
89, 232
89, 233
89, 234
89, 235
89, 236
89, 237
89, 238
89, 239
89, 240
89, 241
89, 242
89, 243
89, 244
89, 245
89, 246
89, 247
89, 248
89, 249
89, 250
89, 251
89, 252
89, 253
89, 254
89, 255
89, 256
89, 257
89, 258
89, 259
89, 260
89, 261
89, 262
89, 263
89, 264
89, 265
89, 266
89, 267
89, 268
89, 269
89, 270
89, 271
89, 272
89, 273
89, 274
89, 275
89, 276
89, 277
89, 278
89, 279
89, 280
89, 281
89, 282
89, 283
89, 284
89, 285
89, 286
89, 287
89, 288
89, 289
89, 290
89, 291
89, 292
89, 293
89, 294
89, 295
89, 296
89, 297
89, 298
89, 299
89, 300
89, 301
89, 302
89, 303
89, 304
89, 305
89, 306
89, 307
89, 308
89, 309
89, 310
89, 311
89, 312
89, 313
89, 314
89, 315
89, 316
89, 317
89, 318
89, 319
89, 320
89, 321
89, 322
89, 323
89, 324
89, 325
89, 326
89, 327
89, 328
89, 329
89, 330
89, 331
89, 332
89, 333
89, 334
89, 335
89, 336
89, 337
89, 338
89, 339
89, 340
89, 341
89, 342
89, 343
89, 344
89, 345
89, 346
89, 347
89, 348
89, 349
89, 350
89, 351
89, 352
89, 353
89, 354
89, 355
89, 356
89, 357
89, 358
89, 359
89, 360
89, 361
89, 362
89, 363
89, 364
89, 365
89, 366
89, 367
89, 368
89, 369
89, 370
89, 371
89, 372
89, 373
89, 374
89, 375
89, 376
89, 377
89, 378
89, 379
89, 380
89, 381
89, 382
89, 383
89, 384
89, 385
89, 386
89, 387
89, 388
89, 389
89, 390
89, 391
89, 392
89, 393
89, 394
89, 395
89, 396
89, 397
89, 398
89, 399
89, 400
89, 401
89, 402
89, 403
89, 404
89, 405
89, 406
89, 407
89, 408
89, 409
89, 410
89, 411
89, 412
89, 413
89, 414
89, 415
89, 416
89, 417
89, 418
89, 419
89, 420
89, 421
89, 422
89, 423
89, 424
89, 425
89, 426
89, 427
89, 428
89, 429
89, 430
89, 431
89, 432
89, 433
89, 434
89, 435
89, 436
89, 437
89, 438
89, 439
89, 440
89, 441
89, 442
89, 443
89, 444
89, 445
89, 446
89, 447
89, 448
89, 449
89, 450
89, 451
89, 452
89, 453
89, 454
89, 455
89, 456
89, 457
89, 458
89, 459
89, 460
89, 461
89, 462
89, 463
89, 464
89, 465
89, 466
89, 467
89, 468
89, 469
89, 470
89, 471
89, 472
89, 473
89, 474
89, 475
89, 476
89, 477
89, 478
89, 479
89, 480
89, 481
89, 482
89, 483
89, 484
89, 485
89, 486
89, 487
89, 488
89, 489
89, 490
89, 491
89, 492
89, 493
89, 494
89, 495
89, 496
89, 497
89, 498
89, 499
89, 500
89, 501
89, 502
89, 503
89, 504
89, 505
89, 506
89, 507
89, 508
89, 509
89, 510
89, 511
89, 512
89, 513
89, 514
89, 515
89, 516
89, 517
89, 518
89, 519
89, 520
89, 521
89, 522
89, 523
89, 524
89, 525
89, 526
89, 527
89, 528
89, 529
89, 530
89, 531
89, 532
89, 533
89, 534
89, 535
89, 536
89, 537
89, 538
89, 539
89, 540
89, 541
89, 542
89, 543
89, 544
89, 545
89, 546
89, 547
89, 548
89, 549
89, 550
89, 551
89, 552
89, 553
89, 554
89, 555
89, 556
89, 557
89, 558
89, 559
89, 560
89, 561
89, 562
89, 563
89, 564
89, 565
89, 566
89, 567
89, 568
89, 569
89, 570
89, 571
89, 572
89, 573
89, 574
89, 575
89, 576
89, 577
89, 578
89, 579
89, 580
89, 581
89, 582
89, 583
89, 584
89, 585
89, 586
89, 587
89, 588
89, 589
89, 590
89, 591
89, 592
89, 593
89, 594
89, 595
89, 596
89, 597
89, 598
89, 599
89, 600
89, 601
89, 602
89, 603
89, 604
89, 605
89, 606
89, 607
89, 608
89, 609
89, 610
89, 611
89, 612
89, 613
89, 614
89, 615
89, 616
89, 617
89, 618
89, 619
89, 620
89, 621
89, 622
89, 623
89, 624
89, 625
89, 626
89, 627
89, 628
89, 629
89, 630
89, 631
89, 632
89, 633
89, 634
89, 635
89, 636
89, 637
89, 638
89, 639
89, 640
89, 641
89, 642
89, 643
89, 644
89, 645
89, 646
89, 647
89, 648
89, 649
89, 650
89, 651
89, 652
89, 653
89, 654
89, 655
89, 656
89, 657
89, 658
89, 659
89, 660
89, 661
89, 662
89, 663
89, 664
89, 665
89, 666
89, 667
89, 668
89, 669
89, 670
89, 671
89, 672
89, 673
89, 674
89, 675
89, 676
89, 677
89, 678
89, 679
89, 680
89, 681
89, 682
89, 683
89, 684
89, 685
89, 686
89, 687
89, 688
89, 689
89, 690
89, 691
89, 692
89, 693
89, 694
89, 695
89, 696
89, 697
89, 698
89, 699
89, 700
89, 701
89, 702
89, 703
89, 704
89, 705
89, 706
89, 707
89, 708
89, 709
89, 710
89, 711
89, 712
89, 713
89, 714
89, 715
89, 716
89, 717
89, 718
89, 719
89, 720
89, 721
89, 722
89, 723
89, 724
89, 725
89, 726
89, 727
89, 728
89, 729
89, 730
89, 731
89, 732
89, 733
89, 734
89, 735
89, 736
89, 737
89, 738
89, 739
89, 740
89, 741
89, 742
89, 743
89, 744
89, 745
89, 746
89, 747
89, 748
89, 749
89, 750
89, 751
89, 752
89, 753
89, 754
89, 755
89, 756
89, 757
89, 758
89, 759
89, 760
89, 761
89, 762
89, 763
89, 764
89, 765
89, 766
89, 767
89, 768
89, 769
89, 770
89, 771
89, 772
89, 773
89, 774
89, 775
89, 776
89, 777
89, 778
89, 779
89, 780
89, 781
89, 782
89, 783
89, 784
89, 785
89, 786
89, 787
89, 788
89, 789
89, 790
89, 791
89, 792
89, 793
89, 794
89, 795
89, 796
89, 797
89, 798
89, 799
89, 800
89, 801
89, 802
89, 803
89, 804
89, 805
89, 806
89, 807
89, 808
89, 809
89, 810
89, 811
89, 812
89, 813
89, 814
89, 815
89, 816
89, 817
89, 818
89, 819
89, 820
89, 821
89, 822
89, 823
89, 824
89, 825
89, 826
89, 827
89, 828
89, 829
89, 830
89, 831
89, 832
89, 833
89, 834
89, 835
89, 836
90, 1
90, 2
90, 3
90, 4
90, 5
90, 6
90, 7
90, 8
90, 9
90, 10
90, 11
90, 12
90, 13
90, 14
90, 15
90, 16
90, 17
90, 18
90, 19
90, 20
90, 21
90, 22
90, 23
90, 24
90, 25
90, 26
90, 27
90, 28
90, 29
90, 30
90, 31
90, 32
90, 33
90, 34
90, 35
90, 36
90, 37
90, 38
90, 39
90, 40
90, 41
90, 42
90, 43
90, 44
90, 45
90, 46
90, 47
90, 48
90, 49
90, 50
90, 51
90, 52
90, 53
90, 54
90, 55
90, 56
90, 57
90, 58
90, 59
90, 60
90, 61
90, 62
90, 63
90, 64
90, 65
90, 66
90, 67
90, 68
90, 69
90, 70
90, 71
90, 72
90, 73
90, 74
90, 75
90, 76
90, 77
90, 78
90, 79
90, 80
90, 81
90, 82
90, 83
90, 84
90, 85
90, 86
90, 87
90, 88
90, 89
90, 90
90, 91
90, 92
90, 93
90, 94
90, 95
90, 96
90, 97
90, 98
90, 99
90, 100
90, 101
90, 102
90, 103
90, 104
90, 105
90, 106
90, 107
90, 108
90, 109
90, 110
90, 111
90, 112
90, 113
90, 114
90, 115
90, 116
90, 117
90, 118
90, 119
90, 120
90, 121
90, 122
90, 123
90, 124
90, 125
90, 126
90, 127
90, 128
90, 129
90, 130
90, 131
90, 132
90, 133
90, 134
90, 135
90, 136
90, 137
90, 138
90, 139
90, 140
90, 141
90, 142
90, 143
90, 144
90, 145
90, 146
90, 147
90, 148
90, 149
90, 150
90, 151
90, 152
90, 153
90, 154
90, 155
90, 156
90, 157
90, 158
90, 159
90, 160
90, 161
90, 162
90, 163
90, 164
90, 165
90, 166
90, 167
90, 168
90, 169
90, 170
90, 171
90, 172
90, 173
90, 174
90, 175
90, 176
90, 177
90, 178
90, 179
90, 180
90, 181
90, 182
90, 183
90, 184
90, 185
90, 186
90, 187
90, 188
90, 189
90, 190
90, 191
90, 192
90, 193
90, 194
90, 195
90, 196
90, 197
90, 198
90, 199
90, 200
90, 201
90, 202
90, 203
90, 204
90, 205
90, 206
90, 207
90, 208
90, 209
90, 210
90, 211
90, 212
90, 213
90, 214
90, 215
90, 216
90, 217
90, 218
90, 219
90, 220
90, 221
90, 222
90, 223
90, 224
90, 225
90, 226
90, 227
90, 228
90, 229
90, 230
90, 231
90, 232
90, 233
90, 234
90, 235
90, 236
90, 237
90, 238
90, 239
90, 240
90, 241
90, 242
90, 243
90, 244
90, 245
90, 246
90, 247
90, 248
90, 249
90, 250
90, 251
90, 252
90, 253
90, 254
90, 255
90, 256
90, 257
90, 258
90, 259
90, 260
90, 261
90, 262
90, 263
90, 264
90, 265
90, 266
90, 267
90, 268
90, 269
90, 270
90, 271
90, 272
90, 273
90, 274
90, 275
90, 276
90, 277
90, 278
90, 279
90, 280
90, 281
90, 282
90, 283
90, 284
90, 285
90, 286
90, 287
90, 288
90, 289
90, 290
90, 291
90, 292
90, 293
90, 294
90, 295
90, 296
90, 297
90, 298
90, 299
90, 300
90, 301
90, 302
90, 303
90, 304
90, 305
90, 306
90, 307
90, 308
90, 309
90, 310
90, 311
90, 312
90, 313
90, 314
90, 315
90, 316
90, 317
90, 318
90, 319
90, 320
90, 321
90, 322
90, 323
90, 324
90, 325
90, 326
90, 327
90, 328
90, 329
90, 330
90, 331
90, 332
90, 333
90, 334
90, 335
90, 336
90, 337
90, 338
90, 339
90, 340
90, 341
90, 342
90, 343
90, 344
90, 345
90, 346
90, 347
90, 348
90, 349
90, 350
90, 351
90, 352
90, 353
90, 354
90, 355
90, 356
90, 357
90, 358
90, 359
90, 360
90, 361
90, 362
90, 363
90, 364
90, 365
90, 366
90, 367
90, 368
90, 369
90, 370
90, 371
90, 372
90, 373
90, 374
90, 375
90, 376
90, 377
90, 378
90, 379
90, 380
90, 381
90, 382
90, 383
90, 384
90, 385
90, 386
90, 387
90, 388
90, 389
90, 390
90, 391
90, 392
90, 393
90, 394
90, 395
90, 396
90, 397
90, 398
90, 399
90, 400
90, 401
90, 402
90, 403
90, 404
90, 405
90, 406
90, 407
90, 408
90, 409
90, 410
90, 411
90, 412
90, 413
90, 414
90, 415
90, 416
90, 417
90, 418
90, 419
90, 420
90, 421
90, 422
90, 423
90, 424
90, 425
90, 426
90, 427
90, 428
90, 429
90, 430
90, 431
90, 432
90, 433
90, 434
90, 435
90, 436
90, 437
90, 438
90, 439
90, 440
90, 441
90, 442
90, 443
90, 444
90, 445
90, 446
90, 447
90, 448
90, 449
90, 450
90, 451
90, 452
90, 453
90, 454
90, 455
90, 456
90, 457
90, 458
90, 459
90, 460
90, 461
90, 462
90, 463
90, 464
90, 465
90, 466
90, 467
90, 468
90, 469
90, 470
90, 471
90, 472
90, 473
90, 474
90, 475
90, 476
90, 477
90, 478
90, 479
90, 480
90, 481
90, 482
90, 483
90, 484
90, 485
90, 486
90, 487
90, 488
90, 489
90, 490
90, 491
90, 492
90, 493
90, 494
90, 495
90, 496
90, 497
90, 498
90, 499
90, 500
90, 501
90, 502
90, 503
90, 504
90, 505
90, 506
90, 507
90, 508
90, 509
90, 510
90, 511
90, 512
90, 513
90, 514
90, 515
90, 516
90, 517
90, 518
90, 519
90, 520
90, 521
90, 522
90, 523
90, 524
90, 525
90, 526
90, 527
90, 528
90, 529
90, 530
90, 531
90, 532
90, 533
90, 534
90, 535
90, 536
90, 537
90, 538
90, 539
90, 540
90, 541
90, 542
90, 543
90, 544
90, 545
90, 546
90, 547
90, 548
90, 549
90, 550
90, 551
90, 552
90, 553
90, 554
90, 555
90, 556
90, 557
90, 558
90, 559
90, 560
90, 561
90, 562
90, 563
90, 564
90, 565
90, 566
90, 567
90, 568
90, 569
90, 570
90, 571
90, 572
90, 573
90, 574
90, 575
90, 576
90, 577
90, 578
90, 579
90, 580
90, 581
90, 582
90, 583
90, 584
90, 585
90, 586
90, 587
90, 588
90, 589
90, 590
90, 591
90, 592
90, 593
90, 594
90, 595
90, 596
90, 597
90, 598
90, 599
90, 600
90, 601
90, 602
90, 603
90, 604
90, 605
90, 606
90, 607
90, 608
90, 609
90, 610
90, 611
90, 612
90, 613
90, 614
90, 615
90, 616
90, 617
90, 618
90, 619
90, 620
90, 621
90, 622
90, 623
90, 624
90, 625
90, 626
90, 627
90, 628
90, 629
90, 630
90, 631
90, 632
90, 633
90, 634
90, 635
90, 636
90, 637
90, 638
90, 639
90, 640
90, 641
90, 642
90, 643
90, 644
90, 645
90, 646
90, 647
90, 648
90, 649
90, 650
90, 651
90, 652
90, 653
90, 654
90, 655
90, 656
90, 657
90, 658
90, 659
90, 660
90, 661
90, 662
90, 663
90, 664
90, 665
90, 666
90, 667
90, 668
90, 669
90, 670
90, 671
90, 672
90, 673
90, 674
90, 675
90, 676
90, 677
90, 678
90, 679
90, 680
90, 681
90, 682
90, 683
90, 684
90, 685
90, 686
90, 687
90, 688
90, 689
90, 690
90, 691
90, 692
90, 693
90, 694
90, 695
90, 696
90, 697
90, 698
90, 699
90, 700
90, 701
90, 702
90, 703
90, 704
90, 705
90, 706
90, 707
90, 708
90, 709
90, 710
90, 711
90, 712
90, 713
90, 714
90, 715
90, 716
90, 717
90, 718
90, 719
90, 720
90, 721
90, 722
90, 723
90, 724
90, 725
90, 726
90, 727
90, 728
90, 729
90, 730
90, 731
90, 732
90, 733
90, 734
90, 735
90, 736
90, 737
90, 738
90, 739
90, 740
90, 741
90, 742
90, 743
90, 744
90, 745
90, 746
90, 747
90, 748
90, 749
90, 750
90, 751
90, 752
90, 753
90, 754
90, 755
90, 756
90, 757
90, 758
90, 759
90, 760
90, 761
90, 762
90, 763
90, 764
90, 765
90, 766
90, 767
90, 768
90, 769
90, 770
90, 771
90, 772
90, 773
90, 774
90, 775
90, 776
90, 777
90, 778
90, 779
90, 780
90, 781
90, 782
90, 783
90, 784
90, 785
90, 786
90, 787
90, 788
90, 789
90, 790
90, 791
90, 792
90, 793
90, 794
90, 795
90, 796
90, 797
90, 798
90, 799
90, 800
90, 801
90, 802
90, 803
90, 804
90, 805
90, 806
90, 807
90, 808
90, 809
90, 810
90, 811
90, 812
90, 813
90, 814
90, 815
90, 816
90, 817
90, 818
90, 819
90, 820
90, 821
90, 822
90, 823
90, 824
90, 825
90, 826
90, 827
90, 828
90, 829
90, 830
90, 831
90, 832
90, 833
90, 834
90, 835
90, 836
91, 1
91, 2
91, 3
91, 4
91, 5
91, 6
91, 7
91, 8
91, 9
91, 10
91, 11
91, 12
91, 13
91, 14
91, 15
91, 16
91, 17
91, 18
91, 19
91, 20
91, 21
91, 22
91, 23
91, 24
91, 25
91, 26
91, 27
91, 28
91, 29
91, 30
91, 31
91, 32
91, 33
91, 34
91, 35
91, 36
91, 37
91, 38
91, 39
91, 40
91, 41
91, 42
91, 43
91, 44
91, 45
91, 46
91, 47
91, 48
91, 49
91, 50
91, 51
91, 52
91, 53
91, 54
91, 55
91, 56
91, 57
91, 58
91, 59
91, 60
91, 61
91, 62
91, 63
91, 64
91, 65
91, 66
91, 67
91, 68
91, 69
91, 70
91, 71
91, 72
91, 73
91, 74
91, 75
91, 76
91, 77
91, 78
91, 79
91, 80
91, 81
91, 82
91, 83
91, 84
91, 85
91, 86
91, 87
91, 88
91, 89
91, 90
91, 91
91, 92
91, 93
91, 94
91, 95
91, 96
91, 97
91, 98
91, 99
91, 100
91, 101
91, 102
91, 103
91, 104
91, 105
91, 106
91, 107
91, 108
91, 109
91, 110
91, 111
91, 112
91, 113
91, 114
91, 115
91, 116
91, 117
91, 118
91, 119
91, 120
91, 121
91, 122
91, 123
91, 124
91, 125
91, 126
91, 127
91, 128
91, 129
91, 130
91, 131
91, 132
91, 133
91, 134
91, 135
91, 136
91, 137
91, 138
91, 139
91, 140
91, 141
91, 142
91, 143
91, 144
91, 145
91, 146
91, 147
91, 148
91, 149
91, 150
91, 151
91, 152
91, 153
91, 154
91, 155
91, 156
91, 157
91, 158
91, 159
91, 160
91, 161
91, 162
91, 163
91, 164
91, 165
91, 166
91, 167
91, 168
91, 169
91, 170
91, 171
91, 172
91, 173
91, 174
91, 175
91, 176
91, 177
91, 178
91, 179
91, 180
91, 181
91, 182
91, 183
91, 184
91, 185
91, 186
91, 187
91, 188
91, 189
91, 190
91, 191
91, 192
91, 193
91, 194
91, 195
91, 196
91, 197
91, 198
91, 199
91, 200
91, 201
91, 202
91, 203
91, 204
91, 205
91, 206
91, 207
91, 208
91, 209
91, 210
91, 211
91, 212
91, 213
91, 214
91, 215
91, 216
91, 217
91, 218
91, 219
91, 220
91, 221
91, 222
91, 223
91, 224
91, 225
91, 226
91, 227
91, 228
91, 229
91, 230
91, 231
91, 232
91, 233
91, 234
91, 235
91, 236
91, 237
91, 238
91, 239
91, 240
91, 241
91, 242
91, 243
91, 244
91, 245
91, 246
91, 247
91, 248
91, 249
91, 250
91, 251
91, 252
91, 253
91, 254
91, 255
91, 256
91, 257
91, 258
91, 259
91, 260
91, 261
91, 262
91, 263
91, 264
91, 265
91, 266
91, 267
91, 268
91, 269
91, 270
91, 271
91, 272
91, 273
91, 274
91, 275
91, 276
91, 277
91, 278
91, 279
91, 280
91, 281
91, 282
91, 283
91, 284
91, 285
91, 286
91, 287
91, 288
91, 289
91, 290
91, 291
91, 292
91, 293
91, 294
91, 295
91, 296
91, 297
91, 298
91, 299
91, 300
91, 301
91, 302
91, 303
91, 304
91, 305
91, 306
91, 307
91, 308
91, 309
91, 310
91, 311
91, 312
91, 313
91, 314
91, 315
91, 316
91, 317
91, 318
91, 319
91, 320
91, 321
91, 322
91, 323
91, 324
91, 325
91, 326
91, 327
91, 328
91, 329
91, 330
91, 331
91, 332
91, 333
91, 334
91, 335
91, 336
91, 337
91, 338
91, 339
91, 340
91, 341
91, 342
91, 343
91, 344
91, 345
91, 346
91, 347
91, 348
91, 349
91, 350
91, 351
91, 352
91, 353
91, 354
91, 355
91, 356
91, 357
91, 358
91, 359
91, 360
91, 361
91, 362
91, 363
91, 364
91, 365
91, 366
91, 367
91, 368
91, 369
91, 370
91, 371
91, 372
91, 373
91, 374
91, 375
91, 376
91, 377
91, 378
91, 379
91, 380
91, 381
91, 382
91, 383
91, 384
91, 385
91, 386
91, 387
91, 388
91, 389
91, 390
91, 391
91, 392
91, 393
91, 394
91, 395
91, 396
91, 397
91, 398
91, 399
91, 400
91, 401
91, 402
91, 403
91, 404
91, 405
91, 406
91, 407
91, 408
91, 409
91, 410
91, 411
91, 412
91, 413
91, 414
91, 415
91, 416
91, 417
91, 418
91, 419
91, 420
91, 421
91, 422
91, 423
91, 424
91, 425
91, 426
91, 427
91, 428
91, 429
91, 430
91, 431
91, 432
91, 433
91, 434
91, 435
91, 436
91, 437
91, 438
91, 439
91, 440
91, 441
91, 442
91, 443
91, 444
91, 445
91, 446
91, 447
91, 448
91, 449
91, 450
91, 451
91, 452
91, 453
91, 454
91, 455
91, 456
91, 457
91, 458
91, 459
91, 460
91, 461
91, 462
91, 463
91, 464
91, 465
91, 466
91, 467
91, 468
91, 469
91, 470
91, 471
91, 472
91, 473
91, 474
91, 475
91, 476
91, 477
91, 478
91, 479
91, 480
91, 481
91, 482
91, 483
91, 484
91, 485
91, 486
91, 487
91, 488
91, 489
91, 490
91, 491
91, 492
91, 493
91, 494
91, 495
91, 496
91, 497
91, 498
91, 499
91, 500
91, 501
91, 502
91, 503
91, 504
91, 505
91, 506
91, 507
91, 508
91, 509
91, 510
91, 511
91, 512
91, 513
91, 514
91, 515
91, 516
91, 517
91, 518
91, 519
91, 520
91, 521
91, 522
91, 523
91, 524
91, 525
91, 526
91, 527
91, 528
91, 529
91, 530
91, 531
91, 532
91, 533
91, 534
91, 535
91, 536
91, 537
91, 538
91, 539
91, 540
91, 541
91, 542
91, 543
91, 544
91, 545
91, 546
91, 547
91, 548
91, 549
91, 550
91, 551
91, 552
91, 553
91, 554
91, 555
91, 556
91, 557
91, 558
91, 559
91, 560
91, 561
91, 562
91, 563
91, 564
91, 565
91, 566
91, 567
91, 568
91, 569
91, 570
91, 571
91, 572
91, 573
91, 574
91, 575
91, 576
91, 577
91, 578
91, 579
91, 580
91, 581
91, 582
91, 583
91, 584
91, 585
91, 586
91, 587
91, 588
91, 589
91, 590
91, 591
91, 592
91, 593
91, 594
91, 595
91, 596
91, 597
91, 598
91, 599
91, 600
91, 601
91, 602
91, 603
91, 604
91, 605
91, 606
91, 607
91, 608
91, 609
91, 610
91, 611
91, 612
91, 613
91, 614
91, 615
91, 616
91, 617
91, 618
91, 619
91, 620
91, 621
91, 622
91, 623
91, 624
91, 625
91, 626
91, 627
91, 628
91, 629
91, 630
91, 631
91, 632
91, 633
91, 634
91, 635
91, 636
91, 637
91, 638
91, 639
91, 640
91, 641
91, 642
91, 643
91, 644
91, 645
91, 646
91, 647
91, 648
91, 649
91, 650
91, 651
91, 652
91, 653
91, 654
91, 655
91, 656
91, 657
91, 658
91, 659
91, 660
91, 661
91, 662
91, 663
91, 664
91, 665
91, 666
91, 667
91, 668
91, 669
91, 670
91, 671
91, 672
91, 673
91, 674
91, 675
91, 676
91, 677
91, 678
91, 679
91, 680
91, 681
91, 682
91, 683
91, 684
91, 685
91, 686
91, 687
91, 688
91, 689
91, 690
91, 691
91, 692
91, 693
91, 694
91, 695
91, 696
91, 697
91, 698
91, 699
91, 700
91, 701
91, 702
91, 703
91, 704
91, 705
91, 706
91, 707
91, 708
91, 709
91, 710
91, 711
91, 712
91, 713
91, 714
91, 715
91, 716
91, 717
91, 718
91, 719
91, 720
91, 721
91, 722
91, 723
91, 724
91, 725
91, 726
91, 727
91, 728
91, 729
91, 730
91, 731
91, 732
91, 733
91, 734
91, 735
91, 736
91, 737
91, 738
91, 739
91, 740
91, 741
91, 742
91, 743
91, 744
91, 745
91, 746
91, 747
91, 748
91, 749
91, 750
91, 751
91, 752
91, 753
91, 754
91, 755
91, 756
91, 757
91, 758
91, 759
91, 760
91, 761
91, 762
91, 763
91, 764
91, 765
91, 766
91, 767
91, 768
91, 769
91, 770
91, 771
91, 772
91, 773
91, 774
91, 775
91, 776
91, 777
91, 778
91, 779
91, 780
91, 781
91, 782
91, 783
91, 784
91, 785
91, 786
91, 787
91, 788
91, 789
91, 790
91, 791
91, 792
91, 793
91, 794
91, 795
91, 796
91, 797
91, 798
91, 799
91, 800
91, 801
91, 802
91, 803
91, 804
91, 805
91, 806
91, 807
91, 808
91, 809
91, 810
91, 811
91, 812
91, 813
91, 814
91, 815
91, 816
91, 817
91, 818
91, 819
91, 820
91, 821
91, 822
91, 823
91, 824
91, 825
91, 826
91, 827
91, 828
91, 829
91, 830
91, 831
91, 832
91, 833
91, 834
91, 835
91, 836
92, 1
92, 2
92, 3
92, 4
92, 5
92, 6
92, 7
92, 8
92, 9
92, 10
92, 11
92, 12
92, 13
92, 14
92, 15
92, 16
92, 17
92, 18
92, 19
92, 20
92, 21
92, 22
92, 23
92, 24
92, 25
92, 26
92, 27
92, 28
92, 29
92, 30
92, 31
92, 32
92, 33
92, 34
92, 35
92, 36
92, 37
92, 38
92, 39
92, 40
92, 41
92, 42
92, 43
92, 44
92, 45
92, 46
92, 47
92, 48
92, 49
92, 50
92, 51
92, 52
92, 53
92, 54
92, 55
92, 56
92, 57
92, 58
92, 59
92, 60
92, 61
92, 62
92, 63
92, 64
92, 65
92, 66
92, 67
92, 68
92, 69
92, 70
92, 71
92, 72
92, 73
92, 74
92, 75
92, 76
92, 77
92, 78
92, 79
92, 80
92, 81
92, 82
92, 83
92, 84
92, 85
92, 86
92, 87
92, 88
92, 89
92, 90
92, 91
92, 92
92, 93
92, 94
92, 95
92, 96
92, 97
92, 98
92, 99
92, 100
92, 101
92, 102
92, 103
92, 104
92, 105
92, 106
92, 107
92, 108
92, 109
92, 110
92, 111
92, 112
92, 113
92, 114
92, 115
92, 116
92, 117
92, 118
92, 119
92, 120
92, 121
92, 122
92, 123
92, 124
92, 125
92, 126
92, 127
92, 128
92, 129
92, 130
92, 131
92, 132
92, 133
92, 134
92, 135
92, 136
92, 137
92, 138
92, 139
92, 140
92, 141
92, 142
92, 143
92, 144
92, 145
92, 146
92, 147
92, 148
92, 149
92, 150
92, 151
92, 152
92, 153
92, 154
92, 155
92, 156
92, 157
92, 158
92, 159
92, 160
92, 161
92, 162
92, 163
92, 164
92, 165
92, 166
92, 167
92, 168
92, 169
92, 170
92, 171
92, 172
92, 173
92, 174
92, 175
92, 176
92, 177
92, 178
92, 179
92, 180
92, 181
92, 182
92, 183
92, 184
92, 185
92, 186
92, 187
92, 188
92, 189
92, 190
92, 191
92, 192
92, 193
92, 194
92, 195
92, 196
92, 197
92, 198
92, 199
92, 200
92, 201
92, 202
92, 203
92, 204
92, 205
92, 206
92, 207
92, 208
92, 209
92, 210
92, 211
92, 212
92, 213
92, 214
92, 215
92, 216
92, 217
92, 218
92, 219
92, 220
92, 221
92, 222
92, 223
92, 224
92, 225
92, 226
92, 227
92, 228
92, 229
92, 230
92, 231
92, 232
92, 233
92, 234
92, 235
92, 236
92, 237
92, 238
92, 239
92, 240
92, 241
92, 242
92, 243
92, 244
92, 245
92, 246
92, 247
92, 248
92, 249
92, 250
92, 251
92, 252
92, 253
92, 254
92, 255
92, 256
92, 257
92, 258
92, 259
92, 260
92, 261
92, 262
92, 263
92, 264
92, 265
92, 266
92, 267
92, 268
92, 269
92, 270
92, 271
92, 272
92, 273
92, 274
92, 275
92, 276
92, 277
92, 278
92, 279
92, 280
92, 281
92, 282
92, 283
92, 284
92, 285
92, 286
92, 287
92, 288
92, 289
92, 290
92, 291
92, 292
92, 293
92, 294
92, 295
92, 296
92, 297
92, 298
92, 299
92, 300
92, 301
92, 302
92, 303
92, 304
92, 305
92, 306
92, 307
92, 308
92, 309
92, 310
92, 311
92, 312
92, 313
92, 314
92, 315
92, 316
92, 317
92, 318
92, 319
92, 320
92, 321
92, 322
92, 323
92, 324
92, 325
92, 326
92, 327
92, 328
92, 329
92, 330
92, 331
92, 332
92, 333
92, 334
92, 335
92, 336
92, 337
92, 338
92, 339
92, 340
92, 341
92, 342
92, 343
92, 344
92, 345
92, 346
92, 347
92, 348
92, 349
92, 350
92, 351
92, 352
92, 353
92, 354
92, 355
92, 356
92, 357
92, 358
92, 359
92, 360
92, 361
92, 362
92, 363
92, 364
92, 365
92, 366
92, 367
92, 368
92, 369
92, 370
92, 371
92, 372
92, 373
92, 374
92, 375
92, 376
92, 377
92, 378
92, 379
92, 380
92, 381
92, 382
92, 383
92, 384
92, 385
92, 386
92, 387
92, 388
92, 389
92, 390
92, 391
92, 392
92, 393
92, 394
92, 395
92, 396
92, 397
92, 398
92, 399
92, 400
92, 401
92, 402
92, 403
92, 404
92, 405
92, 406
92, 407
92, 408
92, 409
92, 410
92, 411
92, 412
92, 413
92, 414
92, 415
92, 416
92, 417
92, 418
92, 419
92, 420
92, 421
92, 422
92, 423
92, 424
92, 425
92, 426
92, 427
92, 428
92, 429
92, 430
92, 431
92, 432
92, 433
92, 434
92, 435
92, 436
92, 437
92, 438
92, 439
92, 440
92, 441
92, 442
92, 443
92, 444
92, 445
92, 446
92, 447
92, 448
92, 449
92, 450
92, 451
92, 452
92, 453
92, 454
92, 455
92, 456
92, 457
92, 458
92, 459
92, 460
92, 461
92, 462
92, 463
92, 464
92, 465
92, 466
92, 467
92, 468
92, 469
92, 470
92, 471
92, 472
92, 473
92, 474
92, 475
92, 476
92, 477
92, 478
92, 479
92, 480
92, 481
92, 482
92, 483
92, 484
92, 485
92, 486
92, 487
92, 488
92, 489
92, 490
92, 491
92, 492
92, 493
92, 494
92, 495
92, 496
92, 497
92, 498
92, 499
92, 500
92, 501
92, 502
92, 503
92, 504
92, 505
92, 506
92, 507
92, 508
92, 509
92, 510
92, 511
92, 512
92, 513
92, 514
92, 515
92, 516
92, 517
92, 518
92, 519
92, 520
92, 521
92, 522
92, 523
92, 524
92, 525
92, 526
92, 527
92, 528
92, 529
92, 530
92, 531
92, 532
92, 533
92, 534
92, 535
92, 536
92, 537
92, 538
92, 539
92, 540
92, 541
92, 542
92, 543
92, 544
92, 545
92, 546
92, 547
92, 548
92, 549
92, 550
92, 551
92, 552
92, 553
92, 554
92, 555
92, 556
92, 557
92, 558
92, 559
92, 560
92, 561
92, 562
92, 563
92, 564
92, 565
92, 566
92, 567
92, 568
92, 569
92, 570
92, 571
92, 572
92, 573
92, 574
92, 575
92, 576
92, 577
92, 578
92, 579
92, 580
92, 581
92, 582
92, 583
92, 584
92, 585
92, 586
92, 587
92, 588
92, 589
92, 590
92, 591
92, 592
92, 593
92, 594
92, 595
92, 596
92, 597
92, 598
92, 599
92, 600
92, 601
92, 602
92, 603
92, 604
92, 605
92, 606
92, 607
92, 608
92, 609
92, 610
92, 611
92, 612
92, 613
92, 614
92, 615
92, 616
92, 617
92, 618
92, 619
92, 620
92, 621
92, 622
92, 623
92, 624
92, 625
92, 626
92, 627
92, 628
92, 629
92, 630
92, 631
92, 632
92, 633
92, 634
92, 635
92, 636
92, 637
92, 638
92, 639
92, 640
92, 641
92, 642
92, 643
92, 644
92, 645
92, 646
92, 647
92, 648
92, 649
92, 650
92, 651
92, 652
92, 653
92, 654
92, 655
92, 656
92, 657
92, 658
92, 659
92, 660
92, 661
92, 662
92, 663
92, 664
92, 665
92, 666
92, 667
92, 668
92, 669
92, 670
92, 671
92, 672
92, 673
92, 674
92, 675
92, 676
92, 677
92, 678
92, 679
92, 680
92, 681
92, 682
92, 683
92, 684
92, 685
92, 686
92, 687
92, 688
92, 689
92, 690
92, 691
92, 692
92, 693
92, 694
92, 695
92, 696
92, 697
92, 698
92, 699
92, 700
92, 701
92, 702
92, 703
92, 704
92, 705
92, 706
92, 707
92, 708
92, 709
92, 710
92, 711
92, 712
92, 713
92, 714
92, 715
92, 716
92, 717
92, 718
92, 719
92, 720
92, 721
92, 722
92, 723
92, 724
92, 725
92, 726
92, 727
92, 728
92, 729
92, 730
92, 731
92, 732
92, 733
92, 734
92, 735
92, 736
92, 737
92, 738
92, 739
92, 740
92, 741
92, 742
92, 743
92, 744
92, 745
92, 746
92, 747
92, 748
92, 749
92, 750
92, 751
92, 752
92, 753
92, 754
92, 755
92, 756
92, 757
92, 758
92, 759
92, 760
92, 761
92, 762
92, 763
92, 764
92, 765
92, 766
92, 767
92, 768
92, 769
92, 770
92, 771
92, 772
92, 773
92, 774
92, 775
92, 776
92, 777
92, 778
92, 779
92, 780
92, 781
92, 782
92, 783
92, 784
92, 785
92, 786
92, 787
92, 788
92, 789
92, 790
92, 791
92, 792
92, 793
92, 794
92, 795
92, 796
92, 797
92, 798
92, 799
92, 800
92, 801
92, 802
92, 803
92, 804
92, 805
92, 806
92, 807
92, 808
92, 809
92, 810
92, 811
92, 812
92, 813
92, 814
92, 815
92, 816
92, 817
92, 818
92, 819
92, 820
92, 821
92, 822
92, 823
92, 824
92, 825
92, 826
92, 827
92, 828
92, 829
92, 830
92, 831
92, 832
92, 833
92, 834
92, 835
92, 836
93, 1
93, 2
93, 3
93, 4
93, 5
93, 6
93, 7
93, 8
93, 9
93, 10
93, 11
93, 12
93, 13
93, 14
93, 15
93, 16
93, 17
93, 18
93, 19
93, 20
93, 21
93, 22
93, 23
93, 24
93, 25
93, 26
93, 27
93, 28
93, 29
93, 30
93, 31
93, 32
93, 33
93, 34
93, 35
93, 36
93, 37
93, 38
93, 39
93, 40
93, 41
93, 42
93, 43
93, 44
93, 45
93, 46
93, 47
93, 48
93, 49
93, 50
93, 51
93, 52
93, 53
93, 54
93, 55
93, 56
93, 57
93, 58
93, 59
93, 60
93, 61
93, 62
93, 63
93, 64
93, 65
93, 66
93, 67
93, 68
93, 69
93, 70
93, 71
93, 72
93, 73
93, 74
93, 75
93, 76
93, 77
93, 78
93, 79
93, 80
93, 81
93, 82
93, 83
93, 84
93, 85
93, 86
93, 87
93, 88
93, 89
93, 90
93, 91
93, 92
93, 93
93, 94
