93, 1
93, 2
93, 3
93, 4
93, 5
93, 6
93, 7
93, 8
93, 9
93, 10
93, 11
93, 12
93, 13
93, 14
93, 15
93, 16
93, 17
93, 18
93, 19
93, 20
93, 21
93, 22
93, 23
93, 24
93, 25
93, 26
93, 27
93, 28
93, 29
93, 30
93, 31
93, 32
93, 33
93, 34
93, 35
93, 36
93, 37
93, 38
93, 39
93, 40
93, 41
93, 42
93, 43
93, 44
93, 45
93, 46
93, 47
93, 48
93, 49
93, 50
93, 51
93, 52
93, 53
93, 54
93, 55
93, 56
93, 57
93, 58
93, 59
93, 60
93, 61
93, 62
93, 63
93, 64
93, 65
93, 66
93, 67
93, 68
93, 69
93, 70
93, 71
93, 72
93, 73
93, 74
93, 75
93, 76
93, 77
93, 78
93, 79
93, 80
93, 81
93, 82
93, 83
93, 84
93, 85
93, 86
93, 87
93, 88
93, 89
93, 90
93, 91
93, 92
93, 93
93, 94
93, 95
93, 96
93, 97
93, 98
93, 99
93, 100
93, 101
93, 102
93, 103
93, 104
93, 105
93, 106
93, 107
93, 108
93, 109
93, 110
93, 111
93, 112
93, 113
93, 114
93, 115
93, 116
93, 117
93, 118
93, 119
93, 120
93, 121
93, 122
93, 123
93, 124
93, 125
93, 126
93, 127
93, 128
93, 129
93, 130
93, 131
93, 132
93, 133
93, 134
93, 135
93, 136
93, 137
93, 138
93, 139
93, 140
93, 141
93, 142
93, 143
93, 144
93, 145
93, 146
93, 147
93, 148
93, 149
93, 150
93, 151
93, 152
93, 153
93, 154
93, 155
93, 156
93, 157
93, 158
93, 159
93, 160
93, 161
93, 162
93, 163
93, 164
93, 165
93, 166
93, 167
93, 168
93, 169
93, 170
93, 171
93, 172
93, 173
93, 174
93, 175
93, 176
93, 177
93, 178
93, 179
93, 180
93, 181
93, 182
93, 183
93, 184
93, 185
93, 186
93, 187
93, 188
93, 189
93, 190
93, 191
93, 192
93, 193
93, 194
93, 195
93, 196
93, 197
93, 198
93, 199
93, 200
93, 201
93, 202
93, 203
93, 204
93, 205
93, 206
93, 207
93, 208
93, 209
93, 210
93, 211
93, 212
93, 213
93, 214
93, 215
93, 216
93, 217
93, 218
93, 219
93, 220
93, 221
93, 222
93, 223
93, 224
93, 225
93, 226
93, 227
93, 228
93, 229
93, 230
93, 231
93, 232
93, 233
93, 234
93, 235
93, 236
93, 237
93, 238
93, 239
93, 240
93, 241
93, 242
93, 243
93, 244
93, 245
93, 246
93, 247
93, 248
93, 249
93, 250
93, 251
93, 252
93, 253
93, 254
93, 255
93, 256
93, 257
93, 258
93, 259
93, 260
93, 261
93, 262
93, 263
93, 264
93, 265
93, 266
93, 267
93, 268
93, 269
93, 270
93, 271
93, 272
93, 273
93, 274
93, 275
93, 276
93, 277
93, 278
93, 279
93, 280
93, 281
93, 282
93, 283
93, 284
93, 285
93, 286
93, 287
93, 288
93, 289
93, 290
93, 291
93, 292
93, 293
93, 294
93, 295
93, 296
93, 297
93, 298
93, 299
93, 300
93, 301
93, 302
93, 303
93, 304
93, 305
93, 306
93, 307
93, 308
93, 309
93, 310
93, 311
93, 312
93, 313
93, 314
93, 315
93, 316
93, 317
93, 318
93, 319
93, 320
93, 321
93, 322
93, 323
93, 324
93, 325
93, 326
93, 327
93, 328
93, 329
93, 330
93, 331
93, 332
93, 333
93, 334
93, 335
93, 336
93, 337
93, 338
93, 339
93, 340
93, 341
93, 342
93, 343
93, 344
93, 345
93, 346
93, 347
93, 348
93, 349
93, 350
93, 351
93, 352
93, 353
93, 354
93, 355
93, 356
93, 357
93, 358
93, 359
93, 360
93, 361
93, 362
93, 363
93, 364
93, 365
93, 366
93, 367
93, 368
93, 369
93, 370
93, 371
93, 372
93, 373
93, 374
93, 375
93, 376
93, 377
93, 378
93, 379
93, 380
93, 381
93, 382
93, 383
93, 384
93, 385
93, 386
93, 387
93, 388
93, 389
93, 390
93, 391
93, 392
93, 393
93, 394
93, 395
93, 396
93, 397
93, 398
93, 399
93, 400
93, 401
93, 402
93, 403
93, 404
93, 405
93, 406
93, 407
93, 408
93, 409
93, 410
93, 411
93, 412
93, 413
93, 414
93, 415
93, 416
93, 417
93, 418
93, 419
93, 420
93, 421
93, 422
93, 423
93, 424
93, 425
93, 426
93, 427
93, 428
93, 429
93, 430
93, 431
93, 432
93, 433
93, 434
93, 435
93, 436
93, 437
93, 438
93, 439
93, 440
93, 441
93, 442
93, 443
93, 444
93, 445
93, 446
93, 447
93, 448
93, 449
93, 450
93, 451
93, 452
93, 453
93, 454
93, 455
93, 456
93, 457
93, 458
93, 459
93, 460
93, 461
93, 462
93, 463
93, 464
93, 465
93, 466
93, 467
93, 468
93, 469
93, 470
93, 471
93, 472
93, 473
93, 474
93, 475
93, 476
93, 477
93, 478
93, 479
93, 480
93, 481
93, 482
93, 483
93, 484
93, 485
93, 486
93, 487
93, 488
93, 489
93, 490
93, 491
93, 492
93, 493
93, 494
93, 495
93, 496
93, 497
93, 498
93, 499
93, 500
93, 501
93, 502
93, 503
93, 504
93, 505
93, 506
93, 507
93, 508
93, 509
93, 510
93, 511
93, 512
93, 513
93, 514
93, 515
93, 516
93, 517
93, 518
93, 519
93, 520
93, 521
93, 522
93, 523
93, 524
93, 525
93, 526
93, 527
93, 528
93, 529
93, 530
93, 531
93, 532
93, 533
93, 534
93, 535
93, 536
93, 537
93, 538
93, 539
93, 540
93, 541
93, 542
93, 543
93, 544
93, 545
93, 546
93, 547
93, 548
93, 549
93, 550
93, 551
93, 552
93, 553
93, 554
93, 555
93, 556
93, 557
93, 558
93, 559
93, 560
93, 561
93, 562
93, 563
93, 564
93, 565
93, 566
93, 567
93, 568
93, 569
93, 570
93, 571
93, 572
93, 573
93, 574
93, 575
93, 576
93, 577
93, 578
93, 579
93, 580
93, 581
93, 582
93, 583
93, 584
93, 585
93, 586
93, 587
93, 588
93, 589
93, 590
93, 591
93, 592
93, 593
93, 594
93, 595
93, 596
93, 597
93, 598
93, 599
93, 600
93, 601
93, 602
93, 603
93, 604
93, 605
93, 606
93, 607
93, 608
93, 609
93, 610
93, 611
93, 612
93, 613
93, 614
93, 615
93, 616
93, 617
93, 618
93, 619
93, 620
93, 621
93, 622
93, 623
93, 624
93, 625
93, 626
93, 627
93, 628
93, 629
93, 630
93, 631
93, 632
93, 633
93, 634
93, 635
93, 636
93, 637
93, 638
93, 639
93, 640
93, 641
93, 642
93, 643
93, 644
93, 645
93, 646
93, 647
93, 648
93, 649
93, 650
93, 651
93, 652
93, 653
93, 654
93, 655
93, 656
93, 657
93, 658
93, 659
93, 660
93, 661
93, 662
93, 663
93, 664
93, 665
93, 666
93, 667
93, 668
93, 669
93, 670
93, 671
93, 672
93, 673
93, 674
93, 675
93, 676
93, 677
93, 678
93, 679
93, 680
93, 681
93, 682
93, 683
93, 684
93, 685
93, 686
93, 687
93, 688
93, 689
93, 690
93, 691
93, 692
93, 693
93, 694
93, 695
93, 696
93, 697
93, 698
93, 699
93, 700
93, 701
93, 702
93, 703
93, 704
93, 705
93, 706
93, 707
93, 708
93, 709
93, 710
93, 711
93, 712
93, 713
93, 714
93, 715
93, 716
93, 717
93, 718
93, 719
93, 720
93, 721
93, 722
93, 723
93, 724
93, 725
93, 726
93, 727
93, 728
93, 729
93, 730
93, 731
93, 732
93, 733
93, 734
93, 735
93, 736
93, 737
93, 738
93, 739
93, 740
93, 741
93, 742
93, 743
93, 744
93, 745
93, 746
93, 747
93, 748
93, 749
93, 750
93, 751
93, 752
93, 753
93, 754
93, 755
93, 756
93, 757
93, 758
93, 759
93, 760
93, 761
93, 762
93, 763
93, 764
93, 765
93, 766
93, 767
93, 768
93, 769
93, 770
93, 771
93, 772
93, 773
93, 774
93, 775
93, 776
93, 777
93, 778
93, 779
93, 780
93, 781
93, 782
93, 783
93, 784
93, 785
93, 786
93, 787
93, 788
93, 789
93, 790
93, 791
93, 792
93, 793
93, 794
93, 795
93, 796
93, 797
93, 798
93, 799
93, 800
93, 801
93, 802
93, 803
93, 804
93, 805
93, 806
93, 807
93, 808
93, 809
93, 810
93, 811
93, 812
93, 813
93, 814
93, 815
93, 816
93, 817
93, 818
93, 819
93, 820
93, 821
93, 822
93, 823
93, 824
93, 825
93, 826
93, 827
93, 828
93, 829
93, 830
93, 831
93, 832
93, 833
93, 834
93, 835
93, 836
94, 1
94, 2
94, 3
94, 4
94, 5
94, 6
94, 7
94, 8
94, 9
94, 10
94, 11
94, 12
94, 13
94, 14
94, 15
94, 16
94, 17
94, 18
94, 19
94, 20
94, 21
94, 22
94, 23
94, 24
94, 25
94, 26
94, 27
94, 28
94, 29
94, 30
94, 31
94, 32
94, 33
94, 34
94, 35
94, 36
94, 37
94, 38
94, 39
94, 40
94, 41
94, 42
94, 43
94, 44
94, 45
94, 46
94, 47
94, 48
94, 49
94, 50
94, 51
94, 52
94, 53
94, 54
94, 55
94, 56
94, 57
94, 58
94, 59
94, 60
94, 61
94, 62
94, 63
94, 64
94, 65
94, 66
94, 67
94, 68
94, 69
94, 70
94, 71
94, 72
94, 73
94, 74
94, 75
94, 76
94, 77
94, 78
94, 79
94, 80
94, 81
94, 82
94, 83
94, 84
94, 85
94, 86
94, 87
94, 88
94, 89
94, 90
94, 91
94, 92
94, 93
94, 94
94, 95
94, 96
94, 97
94, 98
94, 99
94, 100
94, 101
94, 102
94, 103
94, 104
94, 105
94, 106
94, 107
94, 108
94, 109
94, 110
94, 111
94, 112
94, 113
94, 114
94, 115
94, 116
94, 117
94, 118
94, 119
94, 120
94, 121
94, 122
94, 123
94, 124
94, 125
94, 126
94, 127
94, 128
94, 129
94, 130
94, 131
94, 132
94, 133
94, 134
94, 135
94, 136
94, 137
94, 138
94, 139
94, 140
94, 141
94, 142
94, 143
94, 144
94, 145
94, 146
94, 147
94, 148
94, 149
94, 150
94, 151
94, 152
94, 153
94, 154
94, 155
94, 156
94, 157
94, 158
94, 159
94, 160
94, 161
94, 162
94, 163
94, 164
94, 165
94, 166
94, 167
94, 168
94, 169
94, 170
94, 171
94, 172
94, 173
94, 174
94, 175
94, 176
94, 177
94, 178
94, 179
94, 180
94, 181
94, 182
94, 183
94, 184
94, 185
94, 186
94, 187
94, 188
94, 189
94, 190
94, 191
94, 192
94, 193
94, 194
94, 195
94, 196
94, 197
94, 198
94, 199
94, 200
94, 201
94, 202
94, 203
94, 204
94, 205
94, 206
94, 207
94, 208
94, 209
94, 210
94, 211
94, 212
94, 213
94, 214
94, 215
94, 216
94, 217
94, 218
94, 219
94, 220
94, 221
94, 222
94, 223
94, 224
94, 225
94, 226
94, 227
94, 228
94, 229
94, 230
94, 231
94, 232
94, 233
94, 234
94, 235
94, 236
94, 237
94, 238
94, 239
94, 240
94, 241
94, 242
94, 243
94, 244
94, 245
94, 246
94, 247
94, 248
94, 249
94, 250
94, 251
94, 252
94, 253
94, 254
94, 255
94, 256
94, 257
94, 258
94, 259
94, 260
94, 261
94, 262
94, 263
94, 264
94, 265
94, 266
94, 267
94, 268
94, 269
94, 270
94, 271
94, 272
94, 273
94, 274
94, 275
94, 276
94, 277
94, 278
94, 279
94, 280
94, 281
94, 282
94, 283
94, 284
94, 285
94, 286
94, 287
94, 288
94, 289
94, 290
94, 291
94, 292
94, 293
94, 294
94, 295
94, 296
94, 297
94, 298
94, 299
94, 300
94, 301
94, 302
94, 303
94, 304
94, 305
94, 306
94, 307
94, 308
94, 309
94, 310
94, 311
94, 312
94, 313
94, 314
94, 315
94, 316
94, 317
94, 318
94, 319
94, 320
94, 321
94, 322
94, 323
94, 324
94, 325
94, 326
94, 327
94, 328
94, 329
94, 330
94, 331
94, 332
94, 333
94, 334
94, 335
94, 336
94, 337
94, 338
94, 339
94, 340
94, 341
94, 342
94, 343
94, 344
94, 345
94, 346
94, 347
94, 348
94, 349
94, 350
94, 351
94, 352
94, 353
94, 354
94, 355
94, 356
94, 357
94, 358
94, 359
94, 360
94, 361
94, 362
94, 363
94, 364
94, 365
94, 366
94, 367
94, 368
94, 369
94, 370
94, 371
94, 372
94, 373
94, 374
94, 375
94, 376
94, 377
94, 378
94, 379
94, 380
94, 381
94, 382
94, 383
94, 384
94, 385
94, 386
94, 387
94, 388
94, 389
94, 390
94, 391
94, 392
94, 393
94, 394
94, 395
94, 396
94, 397
94, 398
94, 399
94, 400
94, 401
94, 402
94, 403
94, 404
94, 405
94, 406
94, 407
94, 408
94, 409
94, 410
94, 411
94, 412
94, 413
94, 414
94, 415
94, 416
94, 417
94, 418
94, 419
94, 420
94, 421
94, 422
94, 423
94, 424
94, 425
94, 426
94, 427
94, 428
94, 429
94, 430
94, 431
94, 432
94, 433
94, 434
94, 435
94, 436
94, 437
94, 438
94, 439
94, 440
94, 441
94, 442
94, 443
94, 444
94, 445
94, 446
94, 447
94, 448
94, 449
94, 450
94, 451
94, 452
94, 453
94, 454
94, 455
94, 456
94, 457
94, 458
94, 459
94, 460
94, 461
94, 462
94, 463
94, 464
94, 465
94, 466
94, 467
94, 468
94, 469
94, 470
94, 471
94, 472
94, 473
94, 474
94, 475
94, 476
94, 477
94, 478
94, 479
94, 480
94, 481
94, 482
94, 483
94, 484
94, 485
94, 486
94, 487
94, 488
94, 489
94, 490
94, 491
94, 492
94, 493
94, 494
94, 495
94, 496
94, 497
94, 498
94, 499
94, 500
94, 501
94, 502
94, 503
94, 504
94, 505
94, 506
94, 507
94, 508
94, 509
94, 510
94, 511
94, 512
94, 513
94, 514
94, 515
94, 516
94, 517
94, 518
94, 519
94, 520
94, 521
94, 522
94, 523
94, 524
94, 525
94, 526
94, 527
94, 528
94, 529
94, 530
94, 531
94, 532
94, 533
94, 534
94, 535
94, 536
94, 537
94, 538
94, 539
94, 540
94, 541
94, 542
94, 543
94, 544
94, 545
94, 546
94, 547
94, 548
94, 549
94, 550
94, 551
94, 552
94, 553
94, 554
94, 555
94, 556
94, 557
94, 558
94, 559
94, 560
94, 561
94, 562
94, 563
94, 564
94, 565
94, 566
94, 567
94, 568
94, 569
94, 570
94, 571
94, 572
94, 573
94, 574
94, 575
94, 576
94, 577
94, 578
94, 579
94, 580
94, 581
94, 582
94, 583
94, 584
94, 585
94, 586
94, 587
94, 588
94, 589
94, 590
94, 591
94, 592
94, 593
94, 594
94, 595
94, 596
94, 597
94, 598
94, 599
94, 600
94, 601
94, 602
94, 603
94, 604
94, 605
94, 606
94, 607
94, 608
94, 609
94, 610
94, 611
94, 612
94, 613
94, 614
94, 615
94, 616
94, 617
94, 618
94, 619
94, 620
94, 621
94, 622
94, 623
94, 624
94, 625
94, 626
94, 627
94, 628
94, 629
94, 630
94, 631
94, 632
94, 633
94, 634
94, 635
94, 636
94, 637
94, 638
94, 639
94, 640
94, 641
94, 642
94, 643
94, 644
94, 645
94, 646
94, 647
94, 648
94, 649
94, 650
94, 651
94, 652
94, 653
94, 654
94, 655
94, 656
94, 657
94, 658
94, 659
94, 660
94, 661
94, 662
94, 663
94, 664
94, 665
94, 666
94, 667
94, 668
94, 669
94, 670
94, 671
94, 672
94, 673
94, 674
94, 675
94, 676
94, 677
94, 678
94, 679
94, 680
94, 681
94, 682
94, 683
94, 684
94, 685
94, 686
94, 687
94, 688
94, 689
94, 690
94, 691
94, 692
94, 693
94, 694
94, 695
94, 696
94, 697
94, 698
94, 699
94, 700
94, 701
94, 702
94, 703
94, 704
94, 705
94, 706
94, 707
94, 708
94, 709
94, 710
94, 711
94, 712
94, 713
94, 714
94, 715
94, 716
94, 717
94, 718
94, 719
94, 720
94, 721
94, 722
94, 723
94, 724
94, 725
94, 726
94, 727
94, 728
94, 729
94, 730
94, 731
94, 732
94, 733
94, 734
94, 735
94, 736
94, 737
94, 738
94, 739
94, 740
94, 741
94, 742
94, 743
94, 744
94, 745
94, 746
94, 747
94, 748
94, 749
94, 750
94, 751
94, 752
94, 753
94, 754
94, 755
94, 756
94, 757
94, 758
94, 759
94, 760
94, 761
94, 762
94, 763
94, 764
94, 765
94, 766
94, 767
94, 768
94, 769
94, 770
94, 771
94, 772
94, 773
94, 774
94, 775
94, 776
94, 777
94, 778
94, 779
94, 780
94, 781
94, 782
94, 783
94, 784
94, 785
94, 786
94, 787
94, 788
94, 789
94, 790
94, 791
94, 792
94, 793
94, 794
94, 795
94, 796
94, 797
94, 798
94, 799
94, 800
94, 801
94, 802
94, 803
94, 804
94, 805
94, 806
94, 807
94, 808
94, 809
94, 810
94, 811
94, 812
94, 813
94, 814
94, 815
94, 816
94, 817
94, 818
94, 819
94, 820
94, 821
94, 822
94, 823
94, 824
94, 825
94, 826
94, 827
94, 828
94, 829
94, 830
94, 831
94, 832
94, 833
94, 834
94, 835
94, 836
95, 1
95, 2
95, 3
95, 4
95, 5
95, 6
95, 7
95, 8
95, 9
95, 10
95, 11
95, 12
95, 13
95, 14
95, 15
95, 16
95, 17
95, 18
95, 19
95, 20
95, 21
95, 22
95, 23
95, 24
95, 25
95, 26
95, 27
95, 28
95, 29
95, 30
95, 31
95, 32
95, 33
95, 34
95, 35
95, 36
95, 37
95, 38
95, 39
95, 40
95, 41
95, 42
95, 43
95, 44
95, 45
95, 46
95, 47
95, 48
95, 49
95, 50
95, 51
95, 52
95, 53
95, 54
95, 55
95, 56
95, 57
95, 58
95, 59
95, 60
95, 61
95, 62
95, 63
95, 64
95, 65
95, 66
95, 67
95, 68
95, 69
95, 70
95, 71
95, 72
95, 73
95, 74
95, 75
95, 76
95, 77
95, 78
95, 79
95, 80
95, 81
95, 82
95, 83
95, 84
95, 85
95, 86
95, 87
95, 88
95, 89
95, 90
95, 91
95, 92
95, 93
95, 94
95, 95
95, 96
95, 97
95, 98
95, 99
95, 100
95, 101
95, 102
95, 103
95, 104
95, 105
95, 106
95, 107
95, 108
95, 109
95, 110
95, 111
95, 112
95, 113
95, 114
95, 115
95, 116
95, 117
95, 118
95, 119
95, 120
95, 121
95, 122
95, 123
95, 124
95, 125
95, 126
95, 127
95, 128
95, 129
95, 130
95, 131
95, 132
95, 133
95, 134
95, 135
95, 136
95, 137
95, 138
95, 139
95, 140
95, 141
95, 142
95, 143
95, 144
95, 145
95, 146
95, 147
95, 148
95, 149
95, 150
95, 151
95, 152
95, 153
95, 154
95, 155
95, 156
95, 157
95, 158
95, 159
95, 160
95, 161
95, 162
95, 163
95, 164
95, 165
95, 166
95, 167
95, 168
95, 169
95, 170
95, 171
95, 172
95, 173
95, 174
95, 175
95, 176
95, 177
95, 178
95, 179
95, 180
95, 181
95, 182
95, 183
95, 184
95, 185
95, 186
95, 187
95, 188
95, 189
95, 190
95, 191
95, 192
95, 193
95, 194
95, 195
95, 196
95, 197
95, 198
95, 199
95, 200
95, 201
95, 202
95, 203
95, 204
95, 205
95, 206
95, 207
95, 208
95, 209
95, 210
95, 211
95, 212
95, 213
95, 214
95, 215
95, 216
95, 217
95, 218
95, 219
95, 220
95, 221
95, 222
95, 223
95, 224
95, 225
95, 226
95, 227
95, 228
95, 229
95, 230
95, 231
95, 232
95, 233
95, 234
95, 235
95, 236
95, 237
95, 238
95, 239
95, 240
95, 241
95, 242
95, 243
95, 244
95, 245
95, 246
95, 247
95, 248
95, 249
95, 250
95, 251
95, 252
95, 253
95, 254
95, 255
95, 256
95, 257
95, 258
95, 259
95, 260
95, 261
95, 262
95, 263
95, 264
95, 265
95, 266
95, 267
95, 268
95, 269
95, 270
95, 271
95, 272
95, 273
95, 274
95, 275
95, 276
95, 277
95, 278
95, 279
95, 280
95, 281
95, 282
95, 283
95, 284
95, 285
95, 286
95, 287
95, 288
95, 289
95, 290
95, 291
95, 292
95, 293
95, 294
95, 295
95, 296
95, 297
95, 298
95, 299
95, 300
95, 301
95, 302
95, 303
95, 304
95, 305
95, 306
95, 307
95, 308
95, 309
95, 310
95, 311
95, 312
95, 313
95, 314
95, 315
95, 316
95, 317
95, 318
95, 319
95, 320
95, 321
95, 322
95, 323
95, 324
95, 325
95, 326
95, 327
95, 328
95, 329
95, 330
95, 331
95, 332
95, 333
95, 334
95, 335
95, 336
95, 337
95, 338
95, 339
95, 340
95, 341
95, 342
95, 343
95, 344
95, 345
95, 346
95, 347
95, 348
95, 349
95, 350
95, 351
95, 352
95, 353
95, 354
95, 355
95, 356
95, 357
95, 358
95, 359
95, 360
95, 361
95, 362
95, 363
95, 364
95, 365
95, 366
95, 367
95, 368
95, 369
95, 370
95, 371
95, 372
95, 373
95, 374
95, 375
95, 376
95, 377
95, 378
95, 379
95, 380
95, 381
95, 382
95, 383
95, 384
95, 385
95, 386
95, 387
95, 388
95, 389
95, 390
95, 391
95, 392
95, 393
95, 394
95, 395
95, 396
95, 397
95, 398
95, 399
95, 400
95, 401
95, 402
95, 403
95, 404
95, 405
95, 406
95, 407
95, 408
95, 409
95, 410
95, 411
95, 412
95, 413
95, 414
95, 415
95, 416
95, 417
95, 418
95, 419
95, 420
95, 421
95, 422
95, 423
95, 424
95, 425
95, 426
95, 427
95, 428
95, 429
95, 430
95, 431
95, 432
95, 433
95, 434
95, 435
95, 436
95, 437
95, 438
95, 439
95, 440
95, 441
95, 442
95, 443
95, 444
95, 445
95, 446
95, 447
95, 448
95, 449
95, 450
95, 451
95, 452
95, 453
95, 454
95, 455
95, 456
95, 457
95, 458
95, 459
95, 460
95, 461
95, 462
95, 463
95, 464
95, 465
95, 466
95, 467
95, 468
95, 469
95, 470
95, 471
95, 472
95, 473
95, 474
95, 475
95, 476
95, 477
95, 478
95, 479
95, 480
95, 481
95, 482
95, 483
95, 484
95, 485
95, 486
95, 487
95, 488
95, 489
95, 490
95, 491
95, 492
95, 493
95, 494
95, 495
95, 496
95, 497
95, 498
95, 499
95, 500
95, 501
95, 502
95, 503
95, 504
95, 505
95, 506
95, 507
95, 508
95, 509
95, 510
95, 511
95, 512
95, 513
95, 514
95, 515
95, 516
95, 517
95, 518
95, 519
95, 520
95, 521
95, 522
95, 523
95, 524
95, 525
95, 526
95, 527
95, 528
95, 529
95, 530
95, 531
95, 532
95, 533
95, 534
95, 535
95, 536
95, 537
95, 538
95, 539
95, 540
95, 541
95, 542
95, 543
95, 544
95, 545
95, 546
95, 547
95, 548
95, 549
95, 550
95, 551
95, 552
95, 553
95, 554
95, 555
95, 556
95, 557
95, 558
95, 559
95, 560
95, 561
95, 562
95, 563
95, 564
95, 565
95, 566
95, 567
95, 568
95, 569
95, 570
95, 571
95, 572
95, 573
95, 574
95, 575
95, 576
95, 577
95, 578
95, 579
95, 580
95, 581
95, 582
95, 583
95, 584
95, 585
95, 586
95, 587
95, 588
95, 589
95, 590
95, 591
95, 592
95, 593
95, 594
95, 595
95, 596
95, 597
95, 598
95, 599
95, 600
95, 601
95, 602
95, 603
95, 604
95, 605
95, 606
95, 607
95, 608
95, 609
95, 610
95, 611
95, 612
95, 613
95, 614
95, 615
95, 616
95, 617
95, 618
95, 619
95, 620
95, 621
95, 622
95, 623
95, 624
95, 625
95, 626
95, 627
95, 628
95, 629
95, 630
95, 631
95, 632
95, 633
95, 634
95, 635
95, 636
95, 637
95, 638
95, 639
95, 640
95, 641
95, 642
95, 643
95, 644
95, 645
95, 646
95, 647
95, 648
95, 649
95, 650
95, 651
95, 652
95, 653
95, 654
95, 655
95, 656
95, 657
95, 658
95, 659
95, 660
95, 661
95, 662
95, 663
95, 664
95, 665
95, 666
95, 667
95, 668
95, 669
95, 670
95, 671
95, 672
95, 673
95, 674
95, 675
95, 676
95, 677
95, 678
95, 679
95, 680
95, 681
95, 682
95, 683
95, 684
95, 685
95, 686
95, 687
95, 688
95, 689
95, 690
95, 691
95, 692
95, 693
95, 694
95, 695
95, 696
95, 697
95, 698
95, 699
95, 700
95, 701
95, 702
95, 703
95, 704
95, 705
95, 706
95, 707
95, 708
95, 709
95, 710
95, 711
95, 712
95, 713
95, 714
95, 715
95, 716
95, 717
95, 718
95, 719
95, 720
95, 721
95, 722
95, 723
95, 724
95, 725
95, 726
95, 727
95, 728
95, 729
95, 730
95, 731
95, 732
95, 733
95, 734
95, 735
95, 736
95, 737
95, 738
95, 739
95, 740
95, 741
95, 742
95, 743
95, 744
95, 745
95, 746
95, 747
95, 748
95, 749
95, 750
95, 751
95, 752
95, 753
95, 754
95, 755
95, 756
95, 757
95, 758
95, 759
95, 760
95, 761
95, 762
95, 763
95, 764
95, 765
95, 766
95, 767
95, 768
95, 769
95, 770
95, 771
95, 772
95, 773
95, 774
95, 775
95, 776
95, 777
95, 778
95, 779
95, 780
95, 781
95, 782
95, 783
95, 784
95, 785
95, 786
95, 787
95, 788
95, 789
95, 790
95, 791
95, 792
95, 793
95, 794
95, 795
95, 796
95, 797
95, 798
95, 799
95, 800
95, 801
95, 802
95, 803
95, 804
95, 805
95, 806
95, 807
95, 808
95, 809
95, 810
95, 811
95, 812
95, 813
95, 814
95, 815
95, 816
95, 817
95, 818
95, 819
95, 820
95, 821
95, 822
95, 823
95, 824
95, 825
95, 826
95, 827
95, 828
95, 829
95, 830
95, 831
95, 832
95, 833
95, 834
95, 835
95, 836
96, 1
96, 2
96, 3
96, 4
96, 5
96, 6
96, 7
96, 8
96, 9
96, 10
96, 11
96, 12
96, 13
96, 14
96, 15
96, 16
96, 17
96, 18
96, 19
96, 20
96, 21
96, 22
96, 23
96, 24
96, 25
96, 26
96, 27
96, 28
96, 29
96, 30
96, 31
96, 32
96, 33
96, 34
96, 35
96, 36
96, 37
96, 38
96, 39
96, 40
96, 41
96, 42
96, 43
96, 44
96, 45
96, 46
96, 47
96, 48
96, 49
96, 50
96, 51
96, 52
96, 53
96, 54
96, 55
96, 56
96, 57
96, 58
96, 59
96, 60
96, 61
96, 62
96, 63
96, 64
96, 65
96, 66
96, 67
96, 68
96, 69
96, 70
96, 71
96, 72
96, 73
96, 74
96, 75
96, 76
96, 77
96, 78
96, 79
96, 80
96, 81
96, 82
96, 83
96, 84
96, 85
96, 86
96, 87
96, 88
96, 89
96, 90
96, 91
96, 92
96, 93
96, 94
96, 95
96, 96
96, 97
96, 98
96, 99
96, 100
96, 101
96, 102
96, 103
96, 104
96, 105
96, 106
96, 107
96, 108
96, 109
96, 110
96, 111
96, 112
96, 113
96, 114
96, 115
96, 116
96, 117
96, 118
96, 119
96, 120
96, 121
96, 122
96, 123
96, 124
96, 125
96, 126
96, 127
96, 128
96, 129
96, 130
96, 131
96, 132
96, 133
96, 134
96, 135
96, 136
96, 137
96, 138
96, 139
96, 140
96, 141
96, 142
96, 143
96, 144
96, 145
96, 146
96, 147
96, 148
96, 149
96, 150
96, 151
96, 152
96, 153
96, 154
96, 155
96, 156
96, 157
96, 158
96, 159
96, 160
96, 161
96, 162
96, 163
96, 164
96, 165
96, 166
96, 167
96, 168
96, 169
96, 170
96, 171
96, 172
96, 173
96, 174
96, 175
96, 176
96, 177
96, 178
96, 179
96, 180
96, 181
96, 182
96, 183
96, 184
96, 185
96, 186
96, 187
96, 188
96, 189
96, 190
96, 191
96, 192
96, 193
96, 194
96, 195
96, 196
96, 197
96, 198
96, 199
96, 200
96, 201
96, 202
96, 203
96, 204
96, 205
96, 206
96, 207
96, 208
96, 209
96, 210
96, 211
96, 212
96, 213
96, 214
96, 215
96, 216
96, 217
96, 218
96, 219
96, 220
96, 221
96, 222
96, 223
96, 224
96, 225
96, 226
96, 227
96, 228
96, 229
96, 230
96, 231
96, 232
96, 233
96, 234
96, 235
96, 236
96, 237
96, 238
96, 239
96, 240
96, 241
96, 242
96, 243
96, 244
96, 245
96, 246
96, 247
96, 248
96, 249
96, 250
96, 251
96, 252
96, 253
96, 254
96, 255
96, 256
96, 257
96, 258
96, 259
96, 260
96, 261
96, 262
96, 263
96, 264
96, 265
96, 266
96, 267
96, 268
96, 269
96, 270
96, 271
96, 272
96, 273
96, 274
96, 275
96, 276
96, 277
96, 278
96, 279
96, 280
96, 281
96, 282
96, 283
96, 284
96, 285
96, 286
96, 287
96, 288
96, 289
96, 290
96, 291
96, 292
96, 293
96, 294
96, 295
96, 296
96, 297
96, 298
96, 299
96, 300
96, 301
96, 302
96, 303
96, 304
96, 305
96, 306
96, 307
96, 308
96, 309
96, 310
96, 311
96, 312
96, 313
96, 314
96, 315
96, 316
96, 317
96, 318
96, 319
96, 320
96, 321
96, 322
96, 323
96, 324
96, 325
96, 326
96, 327
96, 328
96, 329
96, 330
96, 331
96, 332
96, 333
96, 334
96, 335
96, 336
96, 337
96, 338
96, 339
96, 340
96, 341
96, 342
96, 343
96, 344
96, 345
96, 346
96, 347
96, 348
96, 349
96, 350
96, 351
96, 352
96, 353
96, 354
96, 355
96, 356
96, 357
96, 358
96, 359
96, 360
96, 361
96, 362
96, 363
96, 364
96, 365
96, 366
96, 367
96, 368
96, 369
96, 370
96, 371
96, 372
96, 373
96, 374
96, 375
96, 376
96, 377
96, 378
96, 379
96, 380
96, 381
96, 382
96, 383
96, 384
96, 385
96, 386
96, 387
96, 388
96, 389
96, 390
96, 391
96, 392
96, 393
96, 394
96, 395
96, 396
96, 397
96, 398
96, 399
96, 400
96, 401
96, 402
96, 403
96, 404
96, 405
96, 406
96, 407
96, 408
96, 409
96, 410
96, 411
96, 412
96, 413
96, 414
96, 415
96, 416
96, 417
96, 418
96, 419
96, 420
96, 421
96, 422
96, 423
96, 424
96, 425
96, 426
96, 427
96, 428
96, 429
96, 430
96, 431
96, 432
96, 433
96, 434
96, 435
96, 436
96, 437
96, 438
96, 439
96, 440
96, 441
96, 442
96, 443
96, 444
96, 445
96, 446
96, 447
96, 448
96, 449
96, 450
96, 451
96, 452
96, 453
96, 454
96, 455
96, 456
96, 457
96, 458
96, 459
96, 460
96, 461
96, 462
96, 463
96, 464
96, 465
96, 466
96, 467
96, 468
96, 469
96, 470
96, 471
96, 472
96, 473
96, 474
96, 475
96, 476
96, 477
96, 478
96, 479
96, 480
96, 481
96, 482
96, 483
96, 484
96, 485
96, 486
96, 487
96, 488
96, 489
96, 490
96, 491
96, 492
96, 493
96, 494
96, 495
96, 496
96, 497
96, 498
96, 499
96, 500
96, 501
96, 502
96, 503
96, 504
96, 505
96, 506
96, 507
96, 508
96, 509
96, 510
96, 511
96, 512
96, 513
96, 514
96, 515
96, 516
96, 517
96, 518
96, 519
96, 520
96, 521
96, 522
96, 523
96, 524
96, 525
96, 526
96, 527
96, 528
96, 529
96, 530
96, 531
96, 532
96, 533
96, 534
96, 535
96, 536
96, 537
96, 538
96, 539
96, 540
96, 541
96, 542
96, 543
96, 544
96, 545
96, 546
96, 547
96, 548
96, 549
96, 550
96, 551
96, 552
96, 553
96, 554
96, 555
96, 556
96, 557
96, 558
96, 559
96, 560
96, 561
96, 562
96, 563
96, 564
96, 565
96, 566
96, 567
96, 568
96, 569
96, 570
96, 571
96, 572
96, 573
96, 574
96, 575
96, 576
96, 577
96, 578
96, 579
96, 580
96, 581
96, 582
96, 583
96, 584
96, 585
96, 586
96, 587
96, 588
96, 589
96, 590
96, 591
96, 592
96, 593
96, 594
96, 595
96, 596
96, 597
96, 598
96, 599
96, 600
96, 601
96, 602
96, 603
96, 604
96, 605
96, 606
96, 607
96, 608
96, 609
96, 610
96, 611
96, 612
96, 613
96, 614
96, 615
96, 616
96, 617
96, 618
96, 619
96, 620
96, 621
96, 622
96, 623
96, 624
96, 625
96, 626
96, 627
96, 628
96, 629
96, 630
96, 631
96, 632
96, 633
96, 634
96, 635
96, 636
96, 637
96, 638
96, 639
96, 640
96, 641
96, 642
96, 643
96, 644
96, 645
96, 646
96, 647
96, 648
96, 649
96, 650
96, 651
96, 652
96, 653
96, 654
96, 655
96, 656
96, 657
96, 658
96, 659
96, 660
96, 661
96, 662
96, 663
96, 664
96, 665
96, 666
96, 667
96, 668
96, 669
96, 670
96, 671
96, 672
96, 673
96, 674
96, 675
96, 676
96, 677
96, 678
96, 679
96, 680
96, 681
96, 682
96, 683
96, 684
96, 685
96, 686
96, 687
96, 688
96, 689
96, 690
96, 691
96, 692
96, 693
96, 694
96, 695
96, 696
96, 697
96, 698
96, 699
96, 700
96, 701
96, 702
96, 703
96, 704
96, 705
96, 706
96, 707
96, 708
96, 709
96, 710
96, 711
96, 712
96, 713
96, 714
96, 715
96, 716
96, 717
96, 718
96, 719
96, 720
96, 721
96, 722
96, 723
96, 724
96, 725
96, 726
96, 727
96, 728
96, 729
96, 730
96, 731
96, 732
96, 733
96, 734
96, 735
96, 736
96, 737
96, 738
96, 739
96, 740
96, 741
96, 742
96, 743
96, 744
96, 745
96, 746
96, 747
96, 748
96, 749
96, 750
96, 751
96, 752
96, 753
96, 754
96, 755
96, 756
96, 757
96, 758
96, 759
96, 760
96, 761
96, 762
96, 763
96, 764
96, 765
96, 766
96, 767
96, 768
96, 769
96, 770
96, 771
96, 772
96, 773
96, 774
96, 775
96, 776
96, 777
96, 778
96, 779
96, 780
96, 781
96, 782
96, 783
96, 784
96, 785
96, 786
96, 787
96, 788
96, 789
96, 790
96, 791
96, 792
96, 793
96, 794
96, 795
96, 796
96, 797
96, 798
96, 799
96, 800
96, 801
96, 802
96, 803
96, 804
96, 805
96, 806
96, 807
96, 808
96, 809
96, 810
96, 811
96, 812
96, 813
96, 814
96, 815
96, 816
96, 817
96, 818
96, 819
96, 820
96, 821
96, 822
96, 823
96, 824
96, 825
96, 826
96, 827
96, 828
96, 829
96, 830
96, 831
96, 832
96, 833
96, 834
96, 835
96, 836
97, 1
97, 2
97, 3
97, 4
97, 5
97, 6
97, 7
97, 8
97, 9
97, 10
97, 11
97, 12
97, 13
97, 14
97, 15
97, 16
97, 17
97, 18
97, 19
97, 20
97, 21
97, 22
97, 23
97, 24
97, 25
97, 26
97, 27
97, 28
97, 29
97, 30
97, 31
97, 32
97, 33
97, 34
97, 35
97, 36
97, 37
97, 38
97, 39
97, 40
97, 41
97, 42
97, 43
97, 44
97, 45
97, 46
97, 47
97, 48
97, 49
97, 50
97, 51
97, 52
97, 53
97, 54
97, 55
97, 56
97, 57
97, 58
97, 59
97, 60
97, 61
97, 62
97, 63
97, 64
97, 65
97, 66
97, 67
97, 68
97, 69
97, 70
97, 71
97, 72
97, 73
97, 74
97, 75
97, 76
97, 77
97, 78
97, 79
97, 80
97, 81
97, 82
97, 83
97, 84
97, 85
97, 86
97, 87
97, 88
97, 89
97, 90
97, 91
97, 92
97, 93
97, 94
97, 95
97, 96
97, 97
97, 98
97, 99
97, 100
97, 101
97, 102
97, 103
97, 104
97, 105
97, 106
97, 107
97, 108
97, 109
97, 110
97, 111
97, 112
97, 113
97, 114
97, 115
97, 116
97, 117
97, 118
97, 119
97, 120
97, 121
97, 122
97, 123
97, 124
97, 125
97, 126
97, 127
97, 128
97, 129
97, 130
97, 131
97, 132
97, 133
97, 134
97, 135
97, 136
97, 137
97, 138
97, 139
97, 140
97, 141
97, 142
97, 143
97, 144
97, 145
97, 146
97, 147
97, 148
97, 149
97, 150
97, 151
97, 152
97, 153
97, 154
97, 155
97, 156
97, 157
97, 158
97, 159
97, 160
97, 161
97, 162
97, 163
97, 164
97, 165
97, 166
97, 167
97, 168
97, 169
97, 170
97, 171
97, 172
97, 173
97, 174
97, 175
97, 176
97, 177
97, 178
97, 179
97, 180
97, 181
97, 182
97, 183
97, 184
97, 185
97, 186
97, 187
97, 188
97, 189
97, 190
97, 191
97, 192
97, 193
97, 194
97, 195
97, 196
97, 197
97, 198
97, 199
97, 200
97, 201
97, 202
97, 203
97, 204
97, 205
97, 206
97, 207
97, 208
97, 209
97, 210
97, 211
97, 212
97, 213
97, 214
97, 215
97, 216
97, 217
97, 218
97, 219
97, 220
97, 221
97, 222
97, 223
97, 224
97, 225
97, 226
97, 227
97, 228
97, 229
97, 230
97, 231
97, 232
97, 233
97, 234
97, 235
97, 236
97, 237
97, 238
97, 239
97, 240
97, 241
97, 242
97, 243
97, 244
97, 245
97, 246
97, 247
97, 248
97, 249
97, 250
97, 251
97, 252
97, 253
97, 254
97, 255
97, 256
97, 257
97, 258
97, 259
97, 260
97, 261
97, 262
97, 263
97, 264
97, 265
97, 266
97, 267
97, 268
97, 269
97, 270
97, 271
97, 272
97, 273
97, 274
97, 275
97, 276
97, 277
97, 278
97, 279
97, 280
97, 281
97, 282
97, 283
97, 284
97, 285
97, 286
97, 287
97, 288
97, 289
97, 290
97, 291
97, 292
97, 293
97, 294
97, 295
97, 296
97, 297
97, 298
97, 299
97, 300
97, 301
97, 302
97, 303
97, 304
97, 305
97, 306
97, 307
97, 308
97, 309
97, 310
97, 311
97, 312
97, 313
97, 314
97, 315
97, 316
97, 317
97, 318
97, 319
97, 320
97, 321
97, 322
97, 323
97, 324
97, 325
97, 326
97, 327
97, 328
97, 329
97, 330
97, 331
97, 332
97, 333
97, 334
97, 335
97, 336
97, 337
97, 338
97, 339
97, 340
97, 341
97, 342
97, 343
97, 344
97, 345
97, 346
97, 347
97, 348
97, 349
97, 350
97, 351
97, 352
97, 353
97, 354
97, 355
97, 356
97, 357
97, 358
97, 359
97, 360
97, 361
97, 362
97, 363
97, 364
97, 365
97, 366
97, 367
97, 368
97, 369
97, 370
97, 371
97, 372
97, 373
97, 374
97, 375
97, 376
97, 377
97, 378
97, 379
97, 380
97, 381
97, 382
97, 383
97, 384
97, 385
97, 386
97, 387
97, 388
97, 389
97, 390
97, 391
97, 392
97, 393
97, 394
97, 395
97, 396
97, 397
97, 398
97, 399
97, 400
97, 401
97, 402
97, 403
97, 404
97, 405
97, 406
97, 407
97, 408
97, 409
97, 410
97, 411
97, 412
97, 413
97, 414
97, 415
97, 416
97, 417
97, 418
97, 419
97, 420
97, 421
97, 422
97, 423
97, 424
97, 425
97, 426
97, 427
97, 428
97, 429
97, 430
97, 431
97, 432
97, 433
97, 434
97, 435
97, 436
97, 437
97, 438
97, 439
97, 440
97, 441
97, 442
97, 443
97, 444
97, 445
97, 446
97, 447
97, 448
97, 449
97, 450
97, 451
97, 452
97, 453
97, 454
97, 455
97, 456
97, 457
97, 458
97, 459
97, 460
97, 461
97, 462
97, 463
97, 464
97, 465
97, 466
97, 467
97, 468
97, 469
97, 470
97, 471
97, 472
97, 473
97, 474
97, 475
97, 476
97, 477
97, 478
97, 479
97, 480
97, 481
97, 482
97, 483
97, 484
97, 485
97, 486
97, 487
97, 488
97, 489
97, 490
97, 491
97, 492
97, 493
97, 494
97, 495
97, 496
97, 497
97, 498
97, 499
97, 500
97, 501
97, 502
97, 503
97, 504
97, 505
97, 506
97, 507
97, 508
97, 509
97, 510
97, 511
97, 512
97, 513
97, 514
97, 515
97, 516
97, 517
97, 518
97, 519
97, 520
97, 521
97, 522
97, 523
97, 524
97, 525
97, 526
97, 527
97, 528
97, 529
97, 530
97, 531
97, 532
97, 533
97, 534
97, 535
97, 536
97, 537
97, 538
97, 539
97, 540
97, 541
97, 542
97, 543
97, 544
97, 545
97, 546
97, 547
97, 548
97, 549
97, 550
97, 551
97, 552
97, 553
97, 554
97, 555
97, 556
97, 557
97, 558
97, 559
97, 560
97, 561
97, 562
97, 563
97, 564
97, 565
97, 566
97, 567
97, 568
97, 569
97, 570
97, 571
97, 572
97, 573
97, 574
97, 575
97, 576
97, 577
97, 578
97, 579
97, 580
97, 581
97, 582
97, 583
97, 584
97, 585
97, 586
97, 587
97, 588
97, 589
97, 590
97, 591
97, 592
97, 593
97, 594
97, 595
97, 596
97, 597
97, 598
97, 599
97, 600
97, 601
97, 602
97, 603
97, 604
97, 605
97, 606
97, 607
97, 608
97, 609
97, 610
97, 611
97, 612
97, 613
97, 614
97, 615
97, 616
97, 617
97, 618
97, 619
97, 620
97, 621
97, 622
97, 623
97, 624
97, 625
97, 626
97, 627
97, 628
97, 629
97, 630
97, 631
97, 632
97, 633
97, 634
97, 635
97, 636
97, 637
97, 638
97, 639
97, 640
97, 641
97, 642
97, 643
97, 644
97, 645
97, 646
97, 647
97, 648
97, 649
97, 650
97, 651
97, 652
97, 653
97, 654
97, 655
97, 656
97, 657
97, 658
97, 659
97, 660
97, 661
97, 662
97, 663
97, 664
97, 665
97, 666
97, 667
97, 668
97, 669
97, 670
97, 671
97, 672
97, 673
97, 674
97, 675
97, 676
97, 677
97, 678
97, 679
97, 680
97, 681
97, 682
97, 683
97, 684
97, 685
97, 686
97, 687
97, 688
97, 689
97, 690
97, 691
97, 692
97, 693
97, 694
97, 695
97, 696
97, 697
97, 698
97, 699
97, 700
97, 701
97, 702
97, 703
97, 704
97, 705
97, 706
97, 707
97, 708
97, 709
97, 710
97, 711
97, 712
97, 713
97, 714
97, 715
97, 716
97, 717
97, 718
97, 719
97, 720
97, 721
97, 722
97, 723
97, 724
97, 725
97, 726
97, 727
97, 728
97, 729
97, 730
97, 731
97, 732
97, 733
97, 734
97, 735
97, 736
97, 737
97, 738
97, 739
97, 740
97, 741
97, 742
97, 743
97, 744
97, 745
97, 746
97, 747
97, 748
97, 749
97, 750
97, 751
97, 752
97, 753
97, 754
97, 755
97, 756
97, 757
97, 758
97, 759
97, 760
97, 761
97, 762
97, 763
97, 764
97, 765
97, 766
97, 767
97, 768
97, 769
97, 770
97, 771
97, 772
97, 773
97, 774
97, 775
97, 776
97, 777
97, 778
97, 779
97, 780
97, 781
97, 782
97, 783
97, 784
97, 785
97, 786
97, 787
97, 788
97, 789
97, 790
97, 791
97, 792
97, 793
97, 794
97, 795
97, 796
97, 797
97, 798
97, 799
97, 800
97, 801
97, 802
97, 803
97, 804
97, 805
97, 806
97, 807
97, 808
97, 809
97, 810
97, 811
97, 812
97, 813
97, 814
97, 815
97, 816
97, 817
97, 818
97, 819
97, 820
97, 821
97, 822
97, 823
97, 824
97, 825
97, 826
97, 827
97, 828
97, 829
97, 830
97, 831
97, 832
97, 833
97, 834
97, 835
97, 836
98, 1
98, 2
98, 3
98, 4
98, 5
98, 6
98, 7
98, 8
98, 9
98, 10
98, 11
98, 12
98, 13
98, 14
98, 15
98, 16
98, 17
98, 18
98, 19
98, 20
98, 21
98, 22
98, 23
98, 24
98, 25
98, 26
98, 27
98, 28
98, 29
98, 30
98, 31
98, 32
98, 33
98, 34
98, 35
98, 36
98, 37
98, 38
98, 39
98, 40
98, 41
98, 42
98, 43
98, 44
98, 45
98, 46
98, 47
98, 48
98, 49
98, 50
98, 51
98, 52
98, 53
98, 54
98, 55
98, 56
98, 57
98, 58
98, 59
98, 60
98, 61
98, 62
98, 63
98, 64
98, 65
98, 66
98, 67
98, 68
98, 69
98, 70
98, 71
98, 72
98, 73
98, 74
98, 75
98, 76
98, 77
98, 78
98, 79
98, 80
98, 81
98, 82
98, 83
98, 84
98, 85
98, 86
98, 87
98, 88
98, 89
98, 90
98, 91
98, 92
98, 93
98, 94
98, 95
98, 96
98, 97
98, 98
98, 99
98, 100
98, 101
98, 102
98, 103
98, 104
98, 105
98, 106
98, 107
98, 108
98, 109
98, 110
98, 111
98, 112
98, 113
98, 114
98, 115
98, 116
98, 117
98, 118
98, 119
98, 120
98, 121
98, 122
98, 123
98, 124
98, 125
98, 126
98, 127
98, 128
98, 129
98, 130
98, 131
98, 132
98, 133
98, 134
98, 135
98, 136
98, 137
98, 138
98, 139
98, 140
98, 141
98, 142
98, 143
98, 144
98, 145
98, 146
98, 147
98, 148
98, 149
98, 150
98, 151
98, 152
98, 153
98, 154
98, 155
98, 156
98, 157
98, 158
98, 159
98, 160
98, 161
98, 162
98, 163
98, 164
98, 165
98, 166
98, 167
98, 168
98, 169
98, 170
98, 171
98, 172
98, 173
98, 174
98, 175
98, 176
98, 177
98, 178
98, 179
98, 180
98, 181
98, 182
98, 183
98, 184
98, 185
98, 186
98, 187
98, 188
98, 189
98, 190
98, 191
98, 192
98, 193
98, 194
98, 195
98, 196
98, 197
98, 198
98, 199
98, 200
98, 201
98, 202
98, 203
98, 204
98, 205
98, 206
98, 207
98, 208
98, 209
98, 210
98, 211
98, 212
98, 213
98, 214
98, 215
98, 216
98, 217
98, 218
98, 219
98, 220
98, 221
98, 222
98, 223
98, 224
98, 225
98, 226
98, 227
98, 228
98, 229
98, 230
98, 231
98, 232
98, 233
98, 234
98, 235
98, 236
98, 237
98, 238
98, 239
98, 240
98, 241
98, 242
98, 243
98, 244
98, 245
98, 246
98, 247
98, 248
98, 249
98, 250
98, 251
98, 252
98, 253
98, 254
98, 255
98, 256
98, 257
98, 258
98, 259
98, 260
98, 261
98, 262
98, 263
98, 264
98, 265
98, 266
98, 267
98, 268
98, 269
98, 270
98, 271
98, 272
98, 273
98, 274
98, 275
98, 276
98, 277
98, 278
98, 279
98, 280
98, 281
98, 282
98, 283
98, 284
98, 285
98, 286
98, 287
98, 288
98, 289
98, 290
98, 291
98, 292
98, 293
98, 294
98, 295
98, 296
98, 297
98, 298
98, 299
98, 300
98, 301
98, 302
98, 303
98, 304
98, 305
98, 306
98, 307
98, 308
98, 309
98, 310
98, 311
98, 312
98, 313
98, 314
98, 315
98, 316
98, 317
98, 318
98, 319
98, 320
98, 321
98, 322
98, 323
98, 324
98, 325
98, 326
98, 327
98, 328
98, 329
98, 330
98, 331
98, 332
98, 333
98, 334
98, 335
98, 336
98, 337
98, 338
98, 339
98, 340
98, 341
98, 342
98, 343
98, 344
98, 345
98, 346
98, 347
98, 348
98, 349
98, 350
98, 351
98, 352
98, 353
98, 354
98, 355
98, 356
98, 357
98, 358
98, 359
98, 360
98, 361
98, 362
98, 363
98, 364
98, 365
98, 366
98, 367
98, 368
98, 369
98, 370
98, 371
98, 372
98, 373
98, 374
98, 375
98, 376
98, 377
98, 378
98, 379
98, 380
98, 381
98, 382
98, 383
98, 384
98, 385
98, 386
98, 387
98, 388
98, 389
98, 390
98, 391
98, 392
98, 393
98, 394
98, 395
98, 396
98, 397
98, 398
98, 399
98, 400
98, 401
98, 402
98, 403
98, 404
98, 405
98, 406
98, 407
98, 408
98, 409
98, 410
98, 411
98, 412
98, 413
98, 414
98, 415
98, 416
98, 417
98, 418
98, 419
98, 420
98, 421
98, 422
98, 423
98, 424
98, 425
98, 426
98, 427
98, 428
98, 429
98, 430
98, 431
98, 432
98, 433
98, 434
98, 435
98, 436
98, 437
98, 438
98, 439
98, 440
98, 441
98, 442
98, 443
98, 444
98, 445
98, 446
98, 447
98, 448
98, 449
98, 450
98, 451
98, 452
98, 453
98, 454
98, 455
98, 456
98, 457
98, 458
98, 459
98, 460
98, 461
98, 462
98, 463
98, 464
98, 465
98, 466
98, 467
98, 468
98, 469
98, 470
98, 471
98, 472
98, 473
98, 474
98, 475
98, 476
98, 477
98, 478
98, 479
98, 480
98, 481
98, 482
98, 483
98, 484
98, 485
98, 486
98, 487
98, 488
98, 489
98, 490
98, 491
98, 492
98, 493
98, 494
98, 495
98, 496
98, 497
98, 498
98, 499
98, 500
98, 501
98, 502
98, 503
98, 504
98, 505
98, 506
98, 507
98, 508
98, 509
98, 510
98, 511
98, 512
98, 513
98, 514
98, 515
98, 516
98, 517
98, 518
98, 519
98, 520
98, 521
98, 522
98, 523
98, 524
98, 525
98, 526
98, 527
98, 528
98, 529
98, 530
98, 531
98, 532
98, 533
98, 534
98, 535
98, 536
98, 537
98, 538
98, 539
98, 540
98, 541
98, 542
98, 543
98, 544
98, 545
98, 546
98, 547
98, 548
98, 549
98, 550
98, 551
98, 552
98, 553
98, 554
98, 555
98, 556
98, 557
98, 558
98, 559
98, 560
98, 561
98, 562
98, 563
98, 564
98, 565
98, 566
98, 567
98, 568
98, 569
98, 570
98, 571
98, 572
98, 573
98, 574
98, 575
98, 576
98, 577
98, 578
98, 579
98, 580
98, 581
98, 582
98, 583
98, 584
98, 585
98, 586
98, 587
98, 588
98, 589
98, 590
98, 591
98, 592
98, 593
98, 594
98, 595
98, 596
98, 597
98, 598
98, 599
98, 600
98, 601
98, 602
98, 603
98, 604
98, 605
98, 606
98, 607
98, 608
98, 609
98, 610
98, 611
98, 612
98, 613
98, 614
98, 615
98, 616
98, 617
98, 618
98, 619
98, 620
98, 621
98, 622
98, 623
98, 624
98, 625
98, 626
98, 627
98, 628
98, 629
98, 630
98, 631
98, 632
98, 633
98, 634
98, 635
98, 636
98, 637
98, 638
98, 639
98, 640
98, 641
98, 642
98, 643
98, 644
98, 645
98, 646
98, 647
98, 648
98, 649
98, 650
98, 651
98, 652
98, 653
98, 654
98, 655
98, 656
98, 657
98, 658
98, 659
98, 660
98, 661
98, 662
98, 663
98, 664
98, 665
98, 666
98, 667
98, 668
98, 669
98, 670
98, 671
98, 672
98, 673
98, 674
98, 675
98, 676
98, 677
98, 678
98, 679
98, 680
98, 681
98, 682
98, 683
98, 684
98, 685
98, 686
98, 687
98, 688
98, 689
98, 690
98, 691
98, 692
98, 693
98, 694
98, 695
98, 696
98, 697
98, 698
98, 699
98, 700
98, 701
98, 702
98, 703
98, 704
98, 705
98, 706
98, 707
98, 708
98, 709
98, 710
98, 711
98, 712
98, 713
98, 714
98, 715
98, 716
98, 717
98, 718
98, 719
98, 720
98, 721
98, 722
98, 723
98, 724
98, 725
98, 726
98, 727
98, 728
98, 729
98, 730
98, 731
98, 732
98, 733
98, 734
98, 735
98, 736
98, 737
98, 738
98, 739
98, 740
98, 741
98, 742
98, 743
98, 744
98, 745
98, 746
98, 747
98, 748
98, 749
98, 750
98, 751
98, 752
98, 753
98, 754
98, 755
98, 756
98, 757
98, 758
98, 759
98, 760
98, 761
98, 762
98, 763
98, 764
98, 765
98, 766
98, 767
98, 768
98, 769
98, 770
98, 771
98, 772
98, 773
98, 774
98, 775
98, 776
98, 777
98, 778
98, 779
98, 780
98, 781
98, 782
98, 783
98, 784
98, 785
98, 786
98, 787
98, 788
98, 789
98, 790
98, 791
98, 792
98, 793
98, 794
98, 795
98, 796
98, 797
98, 798
98, 799
98, 800
98, 801
98, 802
98, 803
98, 804
98, 805
98, 806
98, 807
98, 808
98, 809
98, 810
98, 811
98, 812
98, 813
98, 814
98, 815
98, 816
98, 817
98, 818
98, 819
98, 820
98, 821
98, 822
98, 823
98, 824
98, 825
98, 826
98, 827
98, 828
98, 829
98, 830
98, 831
98, 832
98, 833
98, 834
98, 835
98, 836
99, 1
99, 2
99, 3
99, 4
99, 5
99, 6
99, 7
99, 8
99, 9
99, 10
99, 11
99, 12
99, 13
99, 14
99, 15
99, 16
99, 17
99, 18
99, 19
99, 20
99, 21
99, 22
99, 23
99, 24
99, 25
99, 26
99, 27
99, 28
99, 29
99, 30
99, 31
99, 32
99, 33
99, 34
99, 35
99, 36
99, 37
99, 38
99, 39
99, 40
99, 41
99, 42
99, 43
99, 44
99, 45
99, 46
99, 47
99, 48
99, 49
99, 50
99, 51
99, 52
99, 53
99, 54
99, 55
99, 56
99, 57
99, 58
99, 59
99, 60
99, 61
99, 62
99, 63
99, 64
99, 65
99, 66
99, 67
99, 68
99, 69
99, 70
99, 71
99, 72
99, 73
99, 74
99, 75
99, 76
99, 77
99, 78
99, 79
99, 80
99, 81
99, 82
99, 83
99, 84
99, 85
99, 86
99, 87
99, 88
99, 89
99, 90
99, 91
99, 92
99, 93
99, 94
99, 95
99, 96
99, 97
99, 98
99, 99
99, 100
99, 101
99, 102
99, 103
99, 104
99, 105
99, 106
99, 107
99, 108
99, 109
99, 110
99, 111
99, 112
99, 113
99, 114
99, 115
99, 116
99, 117
99, 118
99, 119
99, 120
99, 121
99, 122
99, 123
99, 124
99, 125
99, 126
99, 127
99, 128
99, 129
99, 130
99, 131
99, 132
99, 133
99, 134
99, 135
99, 136
99, 137
99, 138
99, 139
99, 140
99, 141
99, 142
99, 143
99, 144
99, 145
99, 146
99, 147
99, 148
99, 149
99, 150
99, 151
99, 152
99, 153
99, 154
99, 155
99, 156
99, 157
99, 158
99, 159
99, 160
99, 161
99, 162
99, 163
99, 164
99, 165
99, 166
99, 167
99, 168
99, 169
99, 170
99, 171
99, 172
99, 173
99, 174
99, 175
99, 176
99, 177
99, 178
99, 179
99, 180
99, 181
99, 182
99, 183
99, 184
99, 185
99, 186
99, 187
99, 188
99, 189
99, 190
99, 191
99, 192
99, 193
99, 194
99, 195
99, 196
99, 197
99, 198
99, 199
99, 200
99, 201
99, 202
99, 203
99, 204
99, 205
99, 206
99, 207
99, 208
99, 209
99, 210
99, 211
99, 212
99, 213
99, 214
99, 215
99, 216
99, 217
99, 218
99, 219
99, 220
99, 221
99, 222
99, 223
99, 224
99, 225
99, 226
99, 227
99, 228
99, 229
99, 230
99, 231
99, 232
99, 233
99, 234
99, 235
99, 236
99, 237
99, 238
99, 239
99, 240
99, 241
99, 242
99, 243
99, 244
99, 245
99, 246
99, 247
99, 248
99, 249
99, 250
99, 251
99, 252
99, 253
99, 254
99, 255
99, 256
99, 257
99, 258
99, 259
99, 260
99, 261
99, 262
99, 263
99, 264
99, 265
99, 266
99, 267
99, 268
99, 269
99, 270
99, 271
99, 272
99, 273
99, 274
99, 275
99, 276
99, 277
99, 278
99, 279
99, 280
99, 281
99, 282
99, 283
99, 284
99, 285
99, 286
99, 287
99, 288
99, 289
99, 290
99, 291
99, 292
99, 293
99, 294
99, 295
99, 296
99, 297
99, 298
99, 299
99, 300
99, 301
99, 302
99, 303
99, 304
99, 305
99, 306
99, 307
99, 308
99, 309
99, 310
99, 311
99, 312
99, 313
99, 314
99, 315
99, 316
99, 317
99, 318
99, 319
99, 320
99, 321
99, 322
99, 323
99, 324
99, 325
99, 326
99, 327
99, 328
99, 329
99, 330
99, 331
99, 332
99, 333
99, 334
99, 335
99, 336
99, 337
99, 338
99, 339
99, 340
99, 341
99, 342
99, 343
99, 344
99, 345
99, 346
99, 347
99, 348
99, 349
99, 350
99, 351
99, 352
99, 353
99, 354
99, 355
99, 356
99, 357
99, 358
99, 359
99, 360
99, 361
99, 362
99, 363
99, 364
99, 365
99, 366
99, 367
99, 368
99, 369
99, 370
99, 371
99, 372
99, 373
99, 374
99, 375
99, 376
99, 377
99, 378
99, 379
99, 380
99, 381
99, 382
99, 383
99, 384
99, 385
99, 386
99, 387
99, 388
99, 389
99, 390
99, 391
99, 392
99, 393
99, 394
99, 395
99, 396
99, 397
99, 398
99, 399
99, 400
99, 401
99, 402
99, 403
99, 404
99, 405
99, 406
99, 407
99, 408
99, 409
99, 410
99, 411
99, 412
99, 413
99, 414
99, 415
99, 416
99, 417
99, 418
99, 419
99, 420
99, 421
99, 422
99, 423
99, 424
99, 425
99, 426
99, 427
99, 428
99, 429
99, 430
99, 431
99, 432
99, 433
99, 434
99, 435
99, 436
99, 437
99, 438
99, 439
99, 440
99, 441
99, 442
99, 443
99, 444
99, 445
99, 446
99, 447
99, 448
99, 449
99, 450
99, 451
99, 452
99, 453
99, 454
99, 455
99, 456
99, 457
99, 458
99, 459
99, 460
99, 461
99, 462
99, 463
99, 464
99, 465
99, 466
99, 467
99, 468
99, 469
99, 470
99, 471
99, 472
99, 473
99, 474
99, 475
99, 476
99, 477
99, 478
99, 479
99, 480
99, 481
99, 482
99, 483
99, 484
99, 485
99, 486
99, 487
99, 488
99, 489
99, 490
99, 491
99, 492
99, 493
99, 494
99, 495
99, 496
99, 497
99, 498
99, 499
99, 500
99, 501
99, 502
99, 503
99, 504
99, 505
99, 506
99, 507
99, 508
99, 509
99, 510
99, 511
99, 512
99, 513
99, 514
99, 515
99, 516
99, 517
99, 518
99, 519
99, 520
99, 521
99, 522
99, 523
99, 524
99, 525
99, 526
99, 527
99, 528
99, 529
99, 530
99, 531
99, 532
99, 533
99, 534
99, 535
99, 536
99, 537
99, 538
99, 539
99, 540
99, 541
99, 542
99, 543
99, 544
99, 545
99, 546
99, 547
99, 548
99, 549
99, 550
99, 551
99, 552
99, 553
99, 554
99, 555
99, 556
99, 557
99, 558
99, 559
99, 560
99, 561
99, 562
99, 563
99, 564
99, 565
99, 566
99, 567
99, 568
99, 569
99, 570
99, 571
99, 572
99, 573
99, 574
99, 575
99, 576
99, 577
99, 578
99, 579
99, 580
99, 581
99, 582
99, 583
99, 584
99, 585
99, 586
99, 587
99, 588
99, 589
99, 590
99, 591
99, 592
99, 593
99, 594
99, 595
99, 596
99, 597
99, 598
99, 599
99, 600
99, 601
99, 602
99, 603
99, 604
99, 605
99, 606
99, 607
99, 608
99, 609
99, 610
99, 611
99, 612
99, 613
99, 614
99, 615
99, 616
99, 617
99, 618
99, 619
99, 620
99, 621
99, 622
99, 623
99, 624
99, 625
99, 626
99, 627
99, 628
99, 629
99, 630
99, 631
99, 632
99, 633
99, 634
99, 635
99, 636
99, 637
99, 638
99, 639
99, 640
99, 641
99, 642
99, 643
99, 644
99, 645
99, 646
99, 647
99, 648
99, 649
99, 650
99, 651
99, 652
99, 653
99, 654
99, 655
99, 656
99, 657
99, 658
99, 659
99, 660
99, 661
99, 662
99, 663
99, 664
99, 665
99, 666
99, 667
99, 668
99, 669
99, 670
99, 671
99, 672
99, 673
99, 674
99, 675
99, 676
99, 677
99, 678
99, 679
99, 680
99, 681
99, 682
99, 683
99, 684
99, 685
99, 686
99, 687
99, 688
99, 689
99, 690
99, 691
99, 692
99, 693
99, 694
99, 695
99, 696
99, 697
99, 698
99, 699
99, 700
99, 701
99, 702
99, 703
99, 704
99, 705
99, 706
99, 707
99, 708
99, 709
99, 710
99, 711
99, 712
99, 713
99, 714
99, 715
99, 716
99, 717
99, 718
99, 719
99, 720
99, 721
99, 722
99, 723
99, 724
99, 725
99, 726
99, 727
99, 728
99, 729
99, 730
99, 731
99, 732
99, 733
99, 734
99, 735
99, 736
99, 737
99, 738
99, 739
99, 740
99, 741
99, 742
99, 743
99, 744
99, 745
99, 746
99, 747
99, 748
99, 749
99, 750
99, 751
99, 752
99, 753
99, 754
99, 755
99, 756
99, 757
99, 758
99, 759
99, 760
99, 761
99, 762
99, 763
99, 764
99, 765
99, 766
99, 767
99, 768
99, 769
99, 770
99, 771
99, 772
99, 773
99, 774
99, 775
99, 776
99, 777
99, 778
99, 779
99, 780
99, 781
99, 782
99, 783
99, 784
99, 785
99, 786
99, 787
99, 788
99, 789
99, 790
99, 791
99, 792
99, 793
99, 794
99, 795
99, 796
99, 797
99, 798
99, 799
99, 800
99, 801
99, 802
99, 803
99, 804
99, 805
99, 806
99, 807
99, 808
99, 809
99, 810
99, 811
99, 812
99, 813
99, 814
99, 815
99, 816
99, 817
99, 818
99, 819
99, 820
99, 821
99, 822
99, 823
99, 824
99, 825
99, 826
99, 827
99, 828
99, 829
99, 830
99, 831
99, 832
99, 833
99, 834
99, 835
99, 836
100, 1
100, 2
100, 3
100, 4
100, 5
100, 6
100, 7
100, 8
100, 9
100, 10
100, 11
100, 12
100, 13
100, 14
100, 15
100, 16
100, 17
100, 18
100, 19
100, 20
100, 21
100, 22
100, 23
100, 24
100, 25
100, 26
100, 27
100, 28
100, 29
100, 30
100, 31
100, 32
100, 33
100, 34
100, 35
100, 36
100, 37
100, 38
100, 39
100, 40
100, 41
100, 42
100, 43
100, 44
100, 45
100, 46
100, 47
100, 48
100, 49
100, 50
100, 51
100, 52
100, 53
100, 54
100, 55
100, 56
100, 57
100, 58
100, 59
100, 60
100, 61
100, 62
